-0.114647
-0.298944
-0.431818
-0.502028
-0.507197
-0.452951
-0.351206
-0.217989
-0.0711495
0.0717298
0.195074
0.286613
0.338251
0.346537
0.312793
0.242891
0.146678
0.0370266
-0.0715067
-0.164343
-0.228743
-0.255644
-0.24119
-0.187655
-0.103513
-0.00250338
0.0982615
0.180954
0.230046
0.235179
0.193345
0.109917
-0.00178141
-0.122383
-0.229649
-0.302382
-0.324412
-0.2879
-0.195299
-0.0595107
0.0978874
0.250132
0.369911
0.434329
0.429296
0.352484
0.214226
0.0361208
-0.152493
-0.319611
-0.436282
-0.481926
-0.448244
-0.340945
-0.178917
0.0090665
0.189533
0.330455
0.407209
0.407213
0.332345
0.198645
0.0333072
-0.130489
-0.259973
-0.329173
-0.324078
-0.245557
-0.109422
0.0564296
0.217294
0.338396
0.391808
0.362209
0.250362
0.073564
-0.137084
-0.342157
-0.50115
-0.580181
-0.558679
-0.4338
-0.221666
0.044879
0.321656
0.560771
0.719116
0.766206
0.689927
0.499119
0.222467
-0.0961291
-0.404939
-0.653229
-0.799994
-0.821037
-0.713136
-0.494583
-0.201981
0.116109
0.407543
0.625511
0.736425
0.725409
0.598464
0.380978
0.112896
-0.158539
-0.387148
-0.535805
-0.582642
-0.52442
-0.376534
-0.169733
0.0557921
0.257849
0.399851
0.457245
0.421642
0.301982
0.12257
-0.0815765
-0.271214
-0.409999
-0.470999
-0.441447
-0.324953
-0.140827
0.0793276
0.297109
0.473941
0.57768
0.588087
0.500282
0.325621
0.0899123
-0.170719
-0.415587
-0.605901
-0.710861
-0.712468
-0.608303
-0.411907
-0.150727
0.137998
0.412762
0.633894
0.769313
0.799129
0.718437
0.537944
0.282377
-0.0130625
-0.307676
-0.560968
-0.738266
-0.815493
-0.782442
-0.644125
-0.420003
-0.14124
0.153667
0.424252
0.633714
0.754035
0.769851
0.680553
0.500277
0.255801
-0.0173749
-0.280212
-0.495813
-0.634775
-0.679416
-0.626229
-0.486188
-0.282857
-0.0485872
0.180595
0.370619
0.494611
0.536914
0.495251
0.380687
0.215418
0.0287829
-0.147813
-0.286198
-0.366044
-0.378002
-0.324863
-0.220551
-0.0871938
0.0491821
0.163525
0.236296
0.256854
0.225074
0.15093
0.0521762
-0.0494247
-0.132549
-0.180579
-0.184846
-0.14622
-0.0747524
0.0125655
0.0954539
0.154678
0.176178
0.15415
0.0924388
0.00391372
-0.0920558
-0.173567
-0.220801
-0.220359
-0.168422
-0.0720494
0.0517205
0.178854
0.282875
0.340125
0.334716
0.262164
0.130946
-0.0384183
-0.216678
-0.371005
-0.47106
-0.494858
-0.433278
-0.292343
-0.0927384
0.133398
0.34792
0.51338
0.599785
0.590172
0.483921
0.29718
0.0602619
-0.187543
-0.40483
-0.555371
-0.614517
-0.573527
-0.441038
-0.2414
-0.0101841
0.212302
0.3883
0.489338
0.501173
0.426064
0.281952
0.0987517
-0.087526
-0.241688
-0.336
-0.355288
-0.299567
-0.183692
-0.0341617
0.116314
0.2354
0.297595
0.289315
0.211612
0.0800035
-0.0785624
-0.231009
-0.344686
-0.393904
-0.365179
-0.260161
-0.0956513
0.0993029
0.288736
0.436498
0.513133
0.501606
0.400763
0.225872
0.00609412
-0.220646
-0.414483
-0.540841
-0.576768
-0.515174
-0.366205
-0.15549
0.0804225
0.3006
0.467039
0.551426
0.540118
0.436447
0.25996
0.042754
-0.176404
-0.359079
-0.47401
-0.502563
-0.441826
-0.304818
-0.117836
0.0845502
0.265881
0.394403
0.44867
0.421152
0.31924
0.163519
-0.0163075
-0.187056
-0.31819
-0.38731
-0.38401
-0.311444
-0.185359
-0.0308408
0.122575
0.246487
0.318864
0.327966
0.274268
0.170058
0.0368561
-0.0988403
-0.210646
-0.277259
-0.286396
-0.236969
-0.139138
-0.0122675
0.118809
0.228503
0.295268
0.305612
0.256581
0.15629
0.0224192
-0.121027
-0.248086
-0.335535
-0.36706
-0.336163
-0.247291
-0.115018
0.0385611
0.18773
0.307644
0.378608
0.389402
0.339071
0.236912
0.100677
-0.0466447
-0.180879
-0.280833
-0.331828
-0.328016
-0.273088
-0.179288
-0.0649651
0.0488929
0.142484
0.200696
0.215671
0.187986
0.126262
0.0453093
-0.0368389
-0.102451
-0.137518
-0.134461
-0.0936064
-0.0231839
0.0621828
0.144206
0.204409
0.227704
0.20544
0.137331
0.0319111
-0.0946144
-0.220955
-0.324332
-0.384478
-0.387354
-0.327911
-0.2114
-0.0529502
0.124546
0.293952
0.428221
0.504861
0.50976
0.439726
0.303296
0.119632
-0.0843422
-0.278112
-0.43239
-0.523785
-0.538567
-0.474881
-0.343054
-0.163926
0.0345205
0.221679
0.369238
0.455694
0.469697
0.411699
0.293643
0.136751
-0.0321769
-0.185326
-0.298508
-0.355091
-0.348566
-0.283332
-0.173612
-0.040699
0.0909396
0.198008
0.262419
0.27431
0.233545
0.14946
0.0389377
-0.0768122
-0.176168
-0.240993
-0.259825
-0.229788
-0.156931
-0.0549485
0.057447
0.159992
0.234546
0.268295
0.255922
0.200383
0.112161
0.00719623
-0.0961075
-0.18024
-0.231669
-0.243109
-0.214579
-0.153099
-0.0711216
0.0159654
0.0927722
0.146717
0.170188
0.161689
0.125768
0.0718201
0.0120043
-0.0412672
-0.0777841
-0.0914541
-0.0813285
-0.0515634
-0.0103591
0.0318847
0.0648081
0.0802706
0.0740369
0.0466413
0.0032723
-0.0472849
-0.0944264
-0.127868
-0.139717
-0.126073
-0.0878535
-0.0306794
0.0361304
0.101266
0.153497
0.183704
0.186502
0.161149
0.1116
0.0457191
-0.0261877
-0.0932024
-0.145655
-0.176664
-0.183088
-0.165765
-0.129023
-0.0796254
-0.0253841
0.0262611
0.0694234
0.100498
0.118347
0.123954
0.119697
0.108441
0.0926914
0.0740047
0.0528033
0.0286079
0.000613703
-0.0315585
-0.0671527
-0.10382
-0.137576
-0.163228
-0.17524
-0.168865
-0.141326
-0.0927736
-0.0267966
0.0496871
0.127188
0.194969
0.242723
0.26232
0.249293
0.203792
0.130789
0.0394841
-0.0580088
-0.148499
-0.219748
-0.262362
-0.271206
-0.246117
-0.191789
-0.11689
-0.0325474
0.0494768
0.118634
0.167117
0.190838
0.189715
0.167266
0.129635
0.0842679
0.038514
-0.00159756
-0.0321818
-0.0518175
-0.0613505
-0.063278
-0.0608857
-0.0573433
-0.0549569
-0.0547229
-0.0562505
-0.0580352
-0.0579843
-0.0540494
-0.0448077
-0.0298535
-0.00992274
0.0132629
0.0373715
0.0599473
0.0788758
0.0927078
0.100769
0.103037
0.099852
0.0915435
0.0781312
0.0591979
0.0340185
0.00194525
-0.0370239
-0.0816384
-0.128929
-0.174062
-0.210632
-0.231449
-0.229724
-0.200497
-0.142014
-0.0567762
0.0480284
0.160901
0.26726
0.351407
0.39897
0.399419
0.348204
0.248099
0.109433
-0.0509338
-0.211801
-0.350694
-0.447331
-0.486911
-0.462665
-0.37718
-0.242236
-0.0771255
0.0942956
0.247364
0.360532
0.4188
0.41605
0.355888
0.250831
0.119989
-0.0143447
-0.130591
-0.211568
-0.247307
-0.236507
-0.186374
-0.110912
-0.0279924
0.0442284
0.0908594
0.103123
0.0799651
0.0281266
-0.0393251
-0.105716
-0.154207
-0.171282
-0.149613
-0.0897291
-0.00015626
0.104006
0.203827
0.280086
0.316942
0.305048
0.24349
0.140187
0.0106601
-0.124623
-0.243833
-0.327645
-0.362651
-0.343718
-0.27483
-0.168285
-0.0424021
0.0818308
0.184531
0.250418
0.271381
0.247665
0.187472
0.105086
0.0179083
-0.0570123
-0.106269
-0.122582
-0.106007
-0.0636514
-0.00797019
0.0459871
0.0838343
0.0949453
0.0747693
0.0258968
-0.0423457
-0.1157
-0.177832
-0.213683
-0.212648
-0.170946
-0.0927029
0.0104991
0.121554
0.220892
0.29011
0.315479
0.290664
0.218114
0.108854
-0.0193411
-0.145029
-0.246922
-0.307722
-0.317264
-0.274381
-0.187135
-0.0713701
0.0521633
0.161578
0.23782
0.268111
0.248218
0.183152
0.0861445
-0.0238798
-0.125871
-0.200594
-0.234203
-0.220789
-0.163418
-0.0734939
0.0314592
0.131143
0.206349
0.242594
0.232863
0.178917
0.090945
-0.0143927
-0.117145
-0.19788
-0.241406
-0.23968
-0.193365
-0.111721
-0.0108506
0.0893937
0.169239
0.21285
0.211472
0.165246
0.0833291
-0.0177249
-0.117058
-0.193505
-0.229757
-0.2159
-0.15165
-0.0468119
0.0801585
0.205297
0.303431
0.352881
0.339715
0.260753
0.12473
-0.0486437
-0.231645
-0.393054
-0.503465
-0.540501
-0.492996
-0.363399
-0.167929
0.0656081
0.302018
0.504281
0.639554
0.684622
0.629875
0.481129
0.258955
-0.00438765
-0.269936
-0.498119
-0.654974
-0.717459
-0.67702
-0.540816
-0.330447
-0.0783914
0.177231
0.398698
0.554546
0.624298
0.601319
0.493389
0.320952
0.113396
-0.0959636
-0.275344
-0.399476
-0.453311
-0.433888
-0.350131
-0.220691
-0.0702872
0.0747726
0.191091
0.261936
0.279643
0.246323
0.172824
0.0762332
-0.0235747
-0.107687
-0.161514
-0.177172
-0.154524
-0.100734
-0.0285051
0.0466279
0.109393
0.147683
0.15473
0.130167
0.0798295
0.014384
-0.0529196
-0.108908
-0.143037
-0.149352
-0.1275
-0.0826233
-0.0241939
0.0359627
0.0860495
0.116614
0.12235
0.103046
0.0635147
0.0125305
-0.0389913
-0.0802143
-0.102554
-0.101384
-0.0769359
-0.0342427
0.0178792
0.0685875
0.107172
0.125193
0.118173
0.0865364
0.0355853
-0.0254592
-0.0851836
-0.132141
-0.157035
-0.154513
-0.124227
-0.0709652
-0.00382535
0.0654211
0.124462
0.162685
0.173115
0.153689
0.107635
0.0429078
-0.0292351
-0.0962333
-0.146443
-0.171178
-0.1662
-0.132425
-0.0756999
-0.00574462
0.0655682
0.126262
0.166276
0.179109
0.16281
0.120185
0.058191
-0.0133122
-0.0832468
-0.141107
-0.178568
-0.190647
-0.176271
-0.138189
-0.0823098
-0.0166155
0.0501279
0.109638
0.155163
0.182175
0.18866
0.175015
0.143666
0.0985033
0.0442911
-0.0138671
-0.0709308
-0.12219
-0.16343
-0.191051
-0.202214
-0.195048
-0.168922
-0.124752
-0.0652511
0.00496402
0.0795126
0.150692
0.210231
0.250283
0.264556
0.249369
0.204475
0.133462
0.0436054
-0.0548454
-0.149903
-0.229427
-0.282839
-0.302696
-0.285858
-0.234066
-0.153792
-0.055388
0.0483563
0.144029
0.2195
0.265616
0.277434
0.254798
0.202194
0.127925
0.0427541
-0.0417454
-0.114867
-0.168217
-0.196714
-0.199028
-0.177428
-0.137112
-0.0851753
-0.0294103
0.0228569
0.0657159
0.0952867
0.109948
0.110203
0.098258
0.0774323
0.0515243
0.0242405
-0.00123447
-0.0224948
-0.0380046
-0.0470611
-0.0496823
-0.0464693
-0.0384764
-0.0271026
-0.0139936
-0.00093316
0.0103011
0.0181283
0.0213916
0.0195881
0.0130493
0.00301091
-0.00847686
-0.0188213
-0.0253249
-0.0257283
-0.0187586
-0.0045662
0.0150673
0.0368333
0.0563413
0.0688652
0.0702768
0.0580013
0.0317953
-0.00583415
-0.0497074
-0.0925943
-0.126327
-0.143243
-0.137712
-0.107461
-0.0544196
0.0151307
0.0912057
0.161517
0.213436
0.236209
0.223036
0.172625
0.0898893
-0.0143955
-0.124993
-0.224492
-0.296115
-0.326608
-0.308675
-0.242531
-0.136248
-0.00476791
0.132288
0.253699
0.3401
0.377235
0.35844
0.285906
0.170475
0.0299695
-0.113679
-0.238028
-0.323842
-0.358284
-0.337032
-0.264945
-0.155154
-0.0267413
0.0985835
0.200241
0.262299
0.276134
0.241783
0.167739
0.0692584
-0.0345199
-0.124103
-0.183191
-0.201589
-0.176982
-0.115237
-0.0292166
0.063692
0.144852
0.197865
0.211628
0.182405
0.114539
0.0196845
-0.0852981
-0.18139
-0.250852
-0.280429
-0.263743
-0.202451
-0.105971
0.0101693
0.127039
0.225592
0.28994
0.310023
0.283234
0.214723
0.116355
0.0045339
-0.102695
-0.188742
-0.241216
-0.25385
-0.227297
-0.168693
-0.0901071
-0.00620729
0.0684324
0.121879
0.146797
0.141499
0.109922
0.0606062
0.00487442
-0.0453993
-0.0800296
-0.0923521
-0.080337
-0.0468099
0.00122547
0.0540024
0.100865
0.13224
0.141365
0.12545
0.0861214
0.0290719
-0.0369736
-0.101774
-0.15529
-0.189296
-0.198634
-0.181909
-0.141557
-0.0832997
-0.0151387
0.0539335
0.11527
0.161742
0.188583
0.193814
0.178223
0.144975
0.0989455
0.0459262
-0.00816602
-0.0579644
-0.0991404
-0.128679
-0.144953
-0.147648
-0.137586
-0.116502
-0.0868233
-0.0514536
-0.0135792
0.023529
0.056724
0.0832137
0.100806
0.108142
0.104887
0.0918199
0.0708067
0.044615
0.0165895
-0.00978375
-0.0313628
-0.0458084
-0.0519368
-0.049899
-0.0411472
-0.0281835
-0.0141266
-0.00216403
0.00501548
0.00571408
-0.000448227
-0.0124308
-0.0279155
-0.0436759
-0.0561122
-0.0618647
-0.058406
-0.0445145
-0.0205543
0.0114819
0.0481749
0.085092
0.117353
0.140266
0.149952
0.143873
0.121205
0.0830159
0.032232
-0.0265996
-0.0877271
-0.144747
-0.191244
-0.22147
-0.230991
-0.217251
-0.179995
-0.121486
-0.0464745
0.0381008
0.123698
0.201001
0.260937
0.295768
0.300135
0.271909
0.212702
0.127944
0.0264572
-0.0804598
-0.180349
-0.261157
-0.312845
-0.328794
-0.306814
-0.249555
-0.164252
-0.0618016
0.0447131
0.141836
0.217628
0.263338
0.2746
0.251953
0.200614
0.129538
0.0499159
-0.0266304
-0.0898605
-0.132432
-0.150879
-0.145889
-0.121877
-0.085919
-0.0462923
-0.0108724
0.0143018
0.0260387
0.0244033
0.0124681
-0.00452849
-0.0204336
-0.0295838
-0.0280752
-0.0146433
0.00902447
0.0386075
0.0680383
0.0907782
0.101223
0.0959481
0.0745414
0.0398282
-0.00255875
-0.0452039
-0.0803335
-0.101365
-0.104271
-0.0884775
-0.0571039
-0.0164636
0.0250884
0.0587648
0.0771076
0.0755576
0.0535175
0.0146768
-0.0334946
-0.0810229
-0.117263
-0.132962
-0.122161
-0.0835856
-0.0212161
0.0560845
0.135871
0.204138
0.247737
0.256747
0.226404
0.158202
0.0599682
-0.0551486
-0.170617
-0.269092
-0.335177
-0.357932
-0.332694
-0.261897
-0.154769
-0.0259376
0.106813
0.225263
0.313507
0.360288
0.360547
0.315957
0.234399
0.128492
0.0134674
-0.0952447
-0.184301
-0.244246
-0.270557
-0.263817
-0.229061
-0.174461
-0.10965
-0.0439979
0.0148348
0.0618473
0.0950129
0.114976
0.124257
0.126181
0.123795
0.119011
0.11217
0.102092
0.0866016
0.0633819
0.0309517
-0.0104762
-0.0584729
-0.10836
-0.153716
-0.187358
-0.20263
-0.194756
-0.16199
-0.106311
-0.0334989
0.0474739
0.12567
0.189845
0.230269
0.240385
0.21802
0.165906
0.0913925
0.00539024
-0.0793181
-0.15011
-0.196567
-0.212179
-0.195418
-0.149976
-0.0841343
-0.00935327
0.0616851
0.117239
0.148508
0.151126
0.125879
0.0785199
0.0187115
-0.0417313
-0.0909891
-0.119401
-0.121259
-0.0959062
-0.0479337
0.0135706
0.0766148
0.128461
0.157977
0.157774
0.125719
0.0655661
-0.013469
-0.0981225
-0.173284
-0.224616
-0.241149
-0.217397
-0.154594
-0.0608254
0.05004
0.160447
0.251982
0.308457
0.318744
0.278851
0.192886
0.0726772
-0.0639005
-0.19567
-0.301532
-0.363926
-0.371806
-0.322608
-0.222868
-0.0873446
0.0632297
0.20542
0.316864
0.379921
0.384587
0.330181
0.225501
0.0874139
-0.0618983
-0.19859
-0.301081
-0.35361
-0.348808
-0.288846
-0.184981
-0.0555458
0.0772316
0.191066
0.267425
0.294654
0.269883
0.19938
0.0973023
-0.0169346
-0.122194
-0.199429
-0.23509
-0.223523
-0.16792
-0.0796714
0.0237803
0.122183
0.196235
0.231171
0.219536
0.162624
0.0703244
-0.0406117
-0.149576
-0.235843
-0.282371
-0.278975
-0.224305
-0.126241
-0.000648226
0.13132
0.24688
0.325603
0.35302
0.323204
0.239871
0.115815
-0.0292328
-0.171937
-0.289303
-0.36253
-0.380127
-0.339741
-0.248416
-0.121251
0.0212647
0.156763
0.264727
0.329787
0.344028
0.307958
0.229996
0.124662
0.00980888
-0.096548
-0.179238
-0.228255
-0.240014
-0.217379
-0.168544
-0.105036
-0.0392764
0.0178082
0.0586782
0.0802343
0.0838849
0.0746749
0.0597141
0.0462689
0.0399425
0.0433291
0.0554218
0.0718867
0.0861341
0.0909467
0.0803129
0.0510653
0.00396595
-0.0560098
-0.12028
-0.178057
-0.218297
-0.231813
-0.21317
-0.161958
-0.0832134
0.0131406
0.113737
0.20386
0.269825
0.30123
0.292682
0.244712
0.163719
0.0609632
-0.0492022
-0.151553
-0.232298
-0.281083
-0.292389
-0.266122
-0.207365
-0.125356
-0.0319324
0.0602984
0.139743
0.197307
0.227381
0.228246
0.201908
0.15347
0.090186
0.020393
-0.0475309
-0.106054
-0.149157
-0.172767
-0.174973
-0.156072
-0.118481
-0.0665268
-0.00613193
0.0556442
0.111211
0.153204
0.175363
0.173433
0.145977
0.0949381
0.0258031
-0.0527469
-0.129739
-0.193309
-0.232443
-0.238811
-0.208382
-0.142524
-0.0483286
0.0619863
0.172582
0.26625
0.327088
0.343175
0.308796
0.225788
0.103742
-0.041081
-0.187978
-0.314889
-0.401848
-0.43424
-0.405323
-0.31754
-0.182401
-0.0188795
0.14942
0.297892
0.40476
0.454486
0.44019
0.364677
0.239916
0.085049
-0.0767041
-0.221743
-0.329754
-0.386744
-0.386976
-0.333496
-0.237245
-0.114937
0.0138771
0.130036
0.217734
0.266739
0.273558
0.241399
0.179051
0.0989441
0.0147963
-0.0607113
-0.117829
-0.150918
-0.158778
-0.144175
-0.112749
-0.0715894
-0.0277949
0.0126965
0.0458178
0.0695532
0.083644
0.0889779
0.0868762
0.0784924
0.0644878
0.045055
0.0202605
-0.00942088
-0.0425645
-0.076446
-0.107039
-0.129435
-0.138648
-0.130664
-0.103513
-0.0581039
0.00140194
0.0678293
0.131871
0.183499
0.213676
0.216048
0.18828
0.132761
0.0564723
-0.0299687
-0.113981
-0.183103
-0.227109
-0.23978
-0.219954
-0.17169
-0.103466
-0.0265883
0.0468954
0.106371
0.144499
0.158355
0.149669
0.124114
0.0898217
0.0554383
0.0281524
0.0121175
0.00761829
0.0111695
0.0165341
0.0164438
0.00464278
-0.0222105
-0.0632348
-0.112953
-0.162001
-0.198848
-0.212206
-0.193663
-0.139972
-0.0544863
0.0526643
0.16577
0.266001
0.334723
0.357069
0.325083
0.23978
0.111661
-0.0405353
-0.192689
-0.319331
-0.398146
-0.414125
-0.362574
-0.250376
-0.0951904
0.0773261
0.237847
0.358498
0.417852
0.404893
0.32118
0.180785
0.00796658
-0.167029
-0.313315
-0.404885
-0.425308
-0.370729
-0.250613
-0.0860742
0.0939076
0.257701
0.376716
0.430529
0.410494
0.321188
0.17942
0.0110196
-0.154007
-0.287014
-0.365929
-0.379149
-0.327424
-0.223378
-0.0887989
0.0497479
0.166143
0.239733
0.259193
0.224488
0.146571
0.0449022
-0.0567062
-0.135079
-0.172505
-0.160438
-0.10132
-0.00815435
0.0980967
0.192788
0.252706
0.260992
0.210899
0.107591
-0.0324026
-0.184023
-0.318307
-0.407932
-0.432613
-0.383308
-0.264389
-0.0933143
0.102198
0.288995
0.434449
0.512452
0.508307
0.4216
0.266475
0.0692403
-0.136282
-0.314818
-0.436004
-0.479871
-0.440435
-0.326723
-0.161036
0.0252289
0.197418
0.32405
0.382628
0.363757
0.272806
0.128805
-0.039218
-0.197764
-0.315222
-0.36788
-0.344449
-0.248257
-0.0967128
0.0818887
0.253607
0.385189
0.450304
0.434544
0.338239
0.176574
-0.0230238
-0.225765
-0.395741
-0.502412
-0.526144
-0.461795
-0.319704
-0.123896
0.0921555
0.291457
0.440031
0.5129
0.498436
0.400329
0.236814
0.0373417
-0.16272
-0.328376
-0.431178
-0.454165
-0.394738
-0.264955
-0.0892338
0.100101
0.268628
0.385944
0.43101
0.395807
0.286654
0.123007
-0.0660335
-0.246876
-0.387329
-0.46221
-0.457689
-0.373649
-0.223668
-0.0326466
0.167469
0.343137
0.464894
0.512292
0.477277
0.365462
0.195098
-0.00603202
-0.205279
-0.370539
-0.475507
-0.503918
-0.452088
-0.329362
-0.156435
0.0381502
0.222733
0.367698
0.450234
0.457927
0.390621
0.260282
0.0889097
-0.0951268
-0.261731
-0.383932
-0.442174
-0.42737
-0.342241
-0.200763
-0.0258263
0.154496
0.311454
0.420188
0.463622
0.435082
0.339234
0.191218
0.0141444
-0.164648
-0.317934
-0.42287
-0.464493
-0.437911
-0.348848
-0.212491
-0.0508483
0.110925
0.248619
0.342803
0.381768
0.363119
0.293785
0.188459
0.0668015
-0.0501285
-0.143545
-0.200095
-0.213953
-0.187503
-0.130515
-0.0579845
0.0129376
0.0663615
0.090773
0.0812687
0.0404909
-0.0219159
-0.0912306
-0.150605
-0.184485
-0.181846
-0.138627
-0.0588657
0.0457117
0.157603
0.256633
0.323679
0.344345
0.311871
0.228719
0.10649
-0.0358666
-0.175257
-0.288519
-0.356616
-0.368195
-0.321799
-0.226311
-0.0994799
0.0352331
0.152957
0.232073
0.258384
0.227977
0.148209
0.0365712
-0.0824352
-0.181887
-0.237678
-0.233445
-0.164244
-0.0382319
0.124067
0.292865
0.434147
0.515795
0.513749
0.417071
0.230965
-0.0229062
-0.308983
-0.582964
-0.798757
-0.916132
-0.907791
-0.764633
-0.498268
-0.140241
0.261999
0.65185
0.971994
1.17322
1.2222
1.10699
0.839326
0.453284
0.000563639
-0.457008
-0.856517
-1.14319
-1.27836
-1.24502
-1.05
-0.722683
-0.310322
0.12917
0.535814
0.856235
1.05108
1.1001
1.00424
0.784537
0.478064
0.131771
-0.204834
-0.486951
-0.680641
-0.766973
-0.743672
-0.62418
-0.434437
-0.208039
0.0193776
0.215592
0.356277
0.427885
0.428611
0.367464
0.261744
0.133468
0.00541477
-0.102549
-0.176294
-0.209026
-0.201521
-0.16108
-0.0995216
-0.0306274
0.0324565
0.0794252
0.10428
0.105873
0.0875216
0.0558563
0.019173
-0.0143586
-0.0382925
-0.0490274
-0.046277
-0.0328477
-0.0138101
0.00474129
0.0170806
0.0191189
0.00930798
-0.0109868
-0.0377059
-0.0648594
-0.0856898
-0.0940146
-0.0855028
-0.0586507
-0.0152739
0.0395789
0.0982894
0.151809
0.191089
0.208575
0.199505
0.162817
0.101489
0.0222599
-0.0652351
-0.149794
-0.220233
-0.266998
-0.283534
-0.267238
-0.219814
-0.147022
-0.0578301
0.0368646
0.125766
0.198711
0.247977
0.269188
0.261678
0.228316
0.174824
0.10874
0.0382161
-0.0291457
-0.08724
-0.132041
-0.16177
-0.176657
-0.178403
-0.169467
-0.152368
-0.129136
-0.101039
-0.0686187
-0.0320134
0.00853176
0.0521117
0.0967263
0.139102
0.17486
0.199044
0.206938
0.195033
0.161945
0.109088
0.0409254
-0.0353131
-0.110448
-0.174617
-0.218792
-0.236301
-0.224074
-0.183367
-0.11979
-0.0426061
0.036642
0.105957
0.154868
0.176228
0.167495
0.131253
0.0748477
0.00917085
-0.0532213
-0.100337
-0.12294
-0.116299
-0.0811743
-0.0238303
0.0449585
0.111757
0.162868
0.186865
0.1768
0.131673
0.0568839
-0.0364664
-0.133317
-0.217168
-0.272944
-0.289698
-0.262683
-0.19438
-0.0942986
0.0224648
0.137678
0.233026
0.293241
0.308755
0.277412
0.204903
0.103842
-0.00837819
-0.112598
-0.191236
-0.231389
-0.227136
-0.180609
-0.101649
-0.00606819
0.0871769
0.159424
0.195738
0.187735
0.135272
0.0466902
-0.06247
-0.172073
-0.260888
-0.310371
-0.308085
-0.250137
-0.142191
0.00115081
0.158514
0.305141
0.416928
0.47444
0.466227
0.390862
0.257359
0.0838837
-0.105048
-0.282402
-0.422876
-0.506842
-0.52335
-0.471689
-0.361275
-0.209903
-0.0406861
0.121786
0.255401
0.343927
0.3793
0.362437
0.302482
0.214662
0.117183
0.0277412
-0.0397025
-0.0773037
-0.084452
-0.0674428
-0.037791
-0.00952533
0.0040071
-0.0067954
-0.0454576
-0.108296
-0.184738
-0.259066
-0.313308
-0.33075
-0.299448
-0.215059
-0.0824479
0.0842952
0.2635
0.429022
0.554325
0.616874
0.60211
0.50629
0.337701
0.11596
-0.130526
-0.368588
-0.565195
-0.692447
-0.731871
-0.677326
-0.536031
-0.327555
-0.0809073
0.169801
0.390452
0.551953
0.63444
0.629984
0.54342
0.391193
0.198467
-0.00502071
-0.189662
-0.330468
-0.410655
-0.423775
-0.374117
-0.275381
-0.147905
-0.0149778
0.101142
0.18281
0.219626
0.209711
0.159483
0.0820412
-0.00550546
-0.0852579
-0.141728
-0.164474
-0.149737
-0.100855
-0.0274194
0.0566224
0.135555
0.194702
0.222966
0.214683
0.170492
0.0971195
0.00614298
-0.0880148
-0.170509
-0.228493
-0.253146
-0.240989
-0.194307
-0.120646
-0.0314988
0.0595708
0.139065
0.195593
0.221518
0.213981
0.175165
0.11181
0.0340839
-0.0460116
-0.11643
-0.166816
-0.189948
-0.182691
-0.146367
-0.0864961
-0.0119802
0.0661621
0.136326
0.18792
0.212827
0.206546
0.168863
0.103969
0.0199908
-0.0720055
-0.159438
-0.229878
-0.272759
-0.280899
-0.251615
-0.187268
-0.0951278
0.0134596
0.124506
0.223249
0.296206
0.333105
0.328418
0.28225
0.200412
0.0936672
-0.0237855
-0.136352
-0.229315
-0.290975
-0.314329
-0.298008
-0.246327
-0.168432
-0.0767027
0.0153232
0.0951479
0.15325
0.184429
0.188345
0.169158
0.134373
0.0931311
0.0542643
0.0245281
0.00733732
0.00226195
0.00537879
0.0104002
0.0103449
-0.000603018
-0.0254452
-0.0633
-0.10917
-0.154643
-0.189428
-0.203455
-0.18913
-0.143285
-0.0684038
0.0271885
0.130278
0.224759
0.294347
0.325552
0.310341
0.247974
0.145634
0.0176439
-0.116635
-0.235923
-0.320614
-0.356232
-0.336101
-0.262732
-0.147638
-0.00955299
0.128656
0.243867
0.316702
0.334924
0.295634
0.205839
0.0812887
-0.0562409
-0.18274
-0.276167
-0.320317
-0.307657
-0.240628
-0.13118
0.00137382
0.133797
0.243045
0.31031
0.324286
0.283064
0.194344
0.0739407
-0.0571183
-0.176374
-0.263893
-0.305699
-0.296066
-0.238295
-0.14387
-0.0301812
0.0827238
0.175763
0.234141
0.24978
0.222456
0.159481
0.0740393
-0.0174616
-0.0984996
-0.15542
-0.179747
-0.169429
-0.12884
-0.0675989
0.00152539
0.0651624
0.111862
0.134103
0.129441
0.100634
0.0547604
0.00158991
-0.0484642
-0.0863701
-0.106097
-0.105535
-0.0865899
-0.0544748
-0.0164139
0.0199551
0.0481291
0.0639286
0.0661116
0.0563265
0.0384662
0.0176029
-0.00123428
-0.0141641
-0.019206
-0.01654
-0.00824858
0.00236388
0.0116905
0.0167507
0.0159066
0.00920769
-0.00170459
-0.0140899
-0.0248651
-0.0314259
-0.0323265
-0.0276447
-0.0189404
-0.00881732
-0.000195342
0.00452091
0.00416427
-0.000777079
-0.00817119
-0.0147071
-0.0167241
-0.0112225
0.00318665
0.0256343
0.0528372
0.0795178
0.099358
0.106314
0.0960254
0.0670149
0.0213806
-0.0352014
-0.094231
-0.145792
-0.180365
-0.190702
-0.173366
-0.129623
-0.0654464
0.00939844
0.0830452
0.143689
0.181799
0.191928
0.173755
0.132114
0.0759892
0.0166556
-0.0346617
-0.0691284
-0.0821475
-0.0743006
-0.0511593
-0.0219713
0.00252747
0.0127251
0.00260761
-0.0284667
-0.0751297
-0.12672
-0.169287
-0.188542
-0.173171
-0.117834
-0.0251699
0.0937048
0.220436
0.332302
0.406269
0.423503
0.373484
0.256863
0.0864229
-0.114201
-0.313934
-0.479317
-0.580346
-0.596054
-0.518787
-0.356302
-0.131203
0.122295
0.36383
0.553642
0.659466
0.662312
0.560068
0.368225
0.117514
-0.151168
-0.393688
-0.570256
-0.6523
-0.627391
-0.501345
-0.297095
-0.050534
0.195907
0.400795
0.530963
0.567204
0.507349
0.366217
0.172455
-0.0370725
-0.224301
-0.357035
-0.414748
-0.392045
-0.29915
-0.159387
-0.00417817
0.133436
0.225479
0.254596
0.217417
0.125065
0.000707301
-0.125332
-0.221957
-0.263894
-0.237176
-0.142417
0.00481556
0.176653
0.338126
0.453948
0.495568
0.447151
0.309273
0.09959
-0.149723
-0.397347
-0.600055
-0.720491
-0.734061
-0.633656
-0.431312
-0.156485
0.148783
0.436947
0.663014
0.792147
0.805457
0.70298
0.503333
0.240181
-0.0438181
-0.304456
-0.503453
-0.614645
-0.62782
-0.5496
-0.401313
-0.21437
-0.0240581
0.137023
0.244684
0.287002
0.265684
0.194777
0.0971128
-0.000767687
-0.0741689
-0.105193
-0.0861659
-0.0209356
0.076141
0.183249
0.275562
0.330199
0.330738
0.270448
0.153682
-0.00478603
-0.18228
-0.352096
-0.487987
-0.568443
-0.580044
-0.519359
-0.393169
-0.21708
-0.012893
0.194738
0.381765
0.527759
0.618091
0.645063
0.608011
0.512578
0.369428
0.19274
-0.00125996
-0.195582
-0.373522
-0.519553
-0.620187
-0.664898
-0.647162
-0.565543
-0.424613
-0.235468
-0.0155331
0.212566
0.423123
0.59036
0.691957
0.712602
0.64691
0.501121
0.293101
0.0504488
-0.193168
-0.402971
-0.548565
-0.609038
-0.57673
-0.458923
-0.277013
-0.0631886
0.144929
0.310792
0.405463
0.412971
0.333476
0.183567
-0.00647759
-0.198039
-0.351244
-0.432503
-0.421124
-0.313715
-0.125501
0.111822
0.35539
0.558759
0.680439
0.691807
0.582933
0.365159
0.069871
-0.256418
-0.559878
-0.788699
-0.902304
-0.878753
-0.718965
-0.446941
-0.105888
0.249107
0.560576
0.778635
0.869641
0.821959
0.647799
0.380791
0.0697384
-0.230303
-0.467983
-0.604829
-0.621959
-0.523108
-0.33344
-0.0944061
0.144391
0.334757
0.439112
0.437604
0.331805
0.14429
-0.0857913
-0.310324
-0.481569
-0.561468
-0.529155
-0.385241
-0.152058
0.130205
0.410776
0.637625
0.767117
0.772211
0.647655
0.41123
0.100792
-0.232347
-0.532487
-0.749407
-0.847226
-0.810655
-0.647534
-0.387208
-0.0750875
0.23558
0.493214
0.656929
0.703482
0.630886
0.458136
0.221138
-0.0343093
-0.261148
-0.419688
-0.48464
-0.449298
-0.326167
-0.143991
0.0581728
0.238662
0.361235
0.401891
0.35323
0.225592
0.0448025
-0.152976
-0.328287
-0.445962
-0.481793
-0.427088
-0.290258
-0.0951869
0.123273
0.325801
0.475885
0.546508
0.525028
0.415357
0.237106
0.0218688
-0.192624
-0.369368
-0.478719
-0.50357
-0.442178
-0.308148
-0.127651
0.0655797
0.236514
0.355193
0.402037
0.371157
0.271106
0.122984
-0.0437
-0.19663
-0.306682
-0.35325
-0.32792
-0.235875
-0.0948039
0.0684621
0.222929
0.339135
0.394529
0.377568
0.289819
0.14572
-0.0299656
-0.206503
-0.352602
-0.441925
-0.457734
-0.395872
-0.265579
-0.0879923
0.107394
0.287708
0.422275
0.487842
0.472576
0.378154
0.219603
0.0229013
-0.17927
-0.352926
-0.468445
-0.505572
-0.45692
-0.329389
-0.14324
0.0710636
0.277739
0.441543
0.533653
0.536603
0.447454
0.278648
0.0563282
-0.183637
-0.401347
-0.559393
-0.629149
-0.595812
-0.461297
-0.244458
0.0214951
0.294047
0.528143
0.683609
0.731996
0.66172
0.480542
0.214917
-0.0938289
-0.395925
-0.641225
-0.787593
-0.808221
-0.696584
-0.468118
-0.158235
0.183122
0.499551
0.737598
0.855926
0.832649
0.669532
0.392218
0.0463395
-0.309924
-0.615652
-0.817691
-0.880052
-0.790521
-0.56323
-0.236661
0.132699
0.480028
0.743509
0.875386
0.850729
0.672303
0.370571
-0.00128612
-0.376542
-0.686734
-0.874044
-0.902008
-0.762584
-0.478216
-0.098386
0.308823
0.668755
0.91368
0.995336
0.894219
0.623833
0.229026
-0.221436
-0.646826
-0.96886
-1.126
-1.08503
-0.847734
-0.451376
0.037247
0.533229
0.948488
1.20756
1.26141
1.09672
0.738846
0.247917
-0.291468
-0.785073
-1.1458
-1.30938
-1.24616
-0.966706
-0.520248
0.0139203
0.540552
0.965571
1.21311
1.23938
1.04076
0.654651
0.152821
-0.371601
-0.821116
-1.11178
-1.1888
-1.03681
-0.683117
-0.192948
0.342209
0.821289
1.15225
1.26923
1.14509
0.796977
0.28388
-0.30355
-0.859053
-1.27987
-1.48546
-1.43241
-1.1228
-0.604555
0.0365411
0.691557
1.24743
1.60684
1.70538
1.52302
1.0878
0.471046
-0.224926
-0.884532
-1.39884
-1.6842
-1.69636
-1.43754
-0.955372
-0.334027
0.320893
0.900859
1.31304
1.49578
1.42824
1.13272
0.669342
0.1243
-0.406059
-0.832418
-1.08782
-1.13844
-0.98815
-0.676043
-0.267889
0.15694
0.520418
0.759952
0.839042
0.752724
0.526973
0.212437
-0.126144
-0.422676
-0.622166
-0.690583
-0.620362
-0.430716
-0.162862
0.128708
0.387135
0.564119
0.628786
0.572902
0.411552
0.179347
-0.0769567
-0.307887
-0.470838
-0.537967
-0.500945
-0.371761
-0.179586
0.0355699
0.231044
0.369898
0.42785
0.397473
0.288935
0.127279
-0.0531028
-0.2156
-0.328663
-0.371793
-0.339104
-0.239862
-0.0960017
0.0627572
0.205127
0.304505
0.344011
0.319346
0.238981
0.121768
-0.00745271
-0.123244
-0.204812
-0.240019
-0.227367
-0.175617
-0.101226
-0.0242103
0.036606
0.0678972
0.0647691
0.0316852
-0.0187911
-0.0691402
-0.101206
-0.100726
-0.061056
0.0147649
0.114093
0.216957
0.300079
0.341843
0.327151
0.251141
0.120937
-0.0450016
-0.219878
-0.373369
-0.477333
-0.511286
-0.46656
-0.348287
-0.17478
0.0256216
0.219647
0.375176
0.467127
0.482029
0.420379
0.296333
0.134812
-0.0334167
-0.177702
-0.273355
-0.306229
-0.275149
-0.191745
-0.0777399
0.0397306
0.133813
0.183495
0.177908
0.118512
0.0187393
-0.0988322
-0.207191
-0.280532
-0.299687
-0.256233
-0.154468
-0.0108111
0.149232
0.295963
0.40127
0.44415
0.414877
0.316991
0.166709
-0.010113
-0.182887
-0.322086
-0.404791
-0.418913
-0.365261
-0.257089
-0.117223
0.0266302
0.147435
0.224137
0.245666
0.212846
0.137854
0.0413698
-0.0520004
-0.119053
-0.142995
-0.117087
-0.0461771
0.0542005
0.160992
0.248421
0.293453
0.280815
0.20654
0.079296
-0.0808086
-0.245757
-0.384828
-0.470476
-0.483751
-0.418199
-0.281448
-0.0941744
0.113413
0.306907
0.45387
0.529679
0.521957
0.432757
0.278124
0.0851083
-0.113181
-0.283546
-0.398585
-0.441403
-0.408317
-0.309082
-0.16468
-0.00312443
0.145868
0.256332
0.310616
0.302228
0.236512
0.129103
0.00254408
-0.118228
-0.210628
-0.258501
-0.254788
-0.202359
-0.112932
-0.00440212
0.102841
0.18983
0.24242
0.253544
0.223973
0.16153
0.0790276
-0.00856655
-0.087109
-0.1458
-0.178769
-0.18548
-0.169993
-0.139347
-0.101511
-0.0634152
-0.0295214
-0.00122998
0.0227833
0.0454532
0.0697676
0.0972111
0.126653
0.154012
0.172846
0.175775
0.156431
0.111489
0.0422519
-0.0446316
-0.137613
-0.221863
-0.28183
-0.304287
-0.281232
-0.212044
-0.104363
0.0265828
0.16018
0.273849
0.34707
0.365281
0.322881
0.224723
0.0857285
-0.0713736
-0.21984
-0.333586
-0.391891
-0.38327
-0.307763
-0.177196
-0.0133031
0.155961
0.301296
0.397229
0.426649
0.383887
0.275762
0.120405
-0.0559235
-0.22345
-0.354094
-0.426337
-0.428863
-0.362364
-0.239185
-0.080939
0.0854537
0.232557
0.337153
0.384083
0.368534
0.296412
0.182815
0.0489491
-0.0818817
-0.188454
-0.2552
-0.274559
-0.247754
-0.183919
-0.0978603
-0.00692215
0.0723794
0.127323
0.151009
0.143126
0.1094
0.0599187
0.00674558
-0.0386648
-0.0677183
-0.0761753
-0.064639
-0.0380073
-0.00407124
0.0283943
0.0516171
0.0604715
0.0534522
0.0328104
0.00386749
-0.0263048
-0.0505266
-0.0631087
-0.0610678
-0.0447161
-0.0175249
0.0146812
0.0450031
0.0669328
0.0756921
0.0691722
0.0482972
0.0167642
-0.0197564
-0.0547688
-0.0821964
-0.0974661
-0.0982288
-0.0846013
-0.0589279
-0.025159
0.0119822
0.0478441
0.0785251
0.101266
0.114526
0.117787
0.111211
0.0953003
0.0706823
0.0381122
-0.00130663
-0.0457612
-0.0923664
-0.136967
-0.174253
-0.198261
-0.203263
-0.184894
-0.141328
-0.074221
0.0108304
0.104509
0.194746
0.268359
0.313129
0.319965
0.284756
0.209527
0.102614
-0.0222482
-0.147848
-0.256132
-0.331127
-0.361625
-0.34314
-0.278752
-0.178668
-0.0585258
0.0632452
0.168559
0.242719
0.276826
0.269099
0.224863
0.155245
0.0748116
-0.00135085
-0.0605564
-0.0948504
-0.102303
-0.0870147
-0.0578628
-0.0262482
-0.00334283
0.00258545
-0.0118118
-0.044049
-0.0862105
-0.126615
-0.15241
-0.152573
-0.120664
-0.0567568
0.0319358
0.131913
0.225626
0.294714
0.323615
0.302859
0.231354
0.117168
-0.0233995
-0.168367
-0.293804
-0.378072
-0.4058
-0.370827
-0.277542
-0.140336
0.0187674
0.173886
0.299786
0.37629
0.391778
0.345149
0.245871
0.112139
-0.0325127
-0.163504
-0.259594
-0.306555
-0.299467
-0.243231
-0.151261
-0.0426297
0.0617288
0.143032
0.188092
0.191556
0.156543
0.0936091
0.0182927
-0.0522296
-0.102696
-0.122806
-0.109173
-0.0658191
-0.00315038
0.0643371
0.12114
0.153973
0.154497
0.120995
0.0587017
-0.0212678
-0.10414
-0.174391
-0.218754
-0.228721
-0.202069
-0.14314
-0.0618515
0.0283127
0.112899
0.179138
0.21813
0.22615
0.204881
0.160578
0.102418
0.0404405
-0.0164805
-0.0621778
-0.0939627
-0.112511
-0.120961
-0.123497
-0.123807
-0.123814
-0.123007
-0.118562
-0.106199
-0.0816067
-0.0420409
0.0122947
0.0774783
0.145961
0.20758
0.251343
0.26764
0.250405
0.198768
0.117757
0.0178613
-0.0865489
-0.179681
-0.247196
-0.27893
-0.270891
-0.226106
-0.154081
-0.0689644
0.0132639
0.0780103
0.11504
0.120573
0.0980305
0.0572517
0.0122871
-0.0217952
-0.0324383
-0.0127105
0.0366908
0.107032
0.182904
0.24516
0.27489
0.257651
0.187089
0.0671387
-0.0877213
-0.254347
-0.404686
-0.510771
-0.550042
-0.509949
-0.390928
-0.207078
0.0156781
0.243714
0.441387
0.577279
0.629831
0.591287
0.469185
0.285052
0.0705228
-0.138427
-0.308048
-0.412952
-0.440629
-0.393469
-0.287898
-0.150779
-0.0137716
0.0932282
0.14828
0.141962
0.0793722
-0.0208855
-0.130574
-0.217826
-0.254113
-0.220762
-0.113694
0.0546639
0.256789
0.454655
0.606729
0.676092
0.638137
0.48633
0.234812
-0.0827836
-0.418247
-0.716679
-0.925993
-1.00633
-0.937677
-0.724186
-0.394381
0.00296084
0.406591
0.752932
0.986819
1.07096
0.992411
0.764886
0.426508
0.033311
-0.350328
-0.662678
-0.855112
-0.900215
-0.796126
-0.566381
-0.255328
0.0800256
0.38025
0.593971
0.686735
0.646706
0.486228
0.239059
-0.0461753
-0.315052
-0.517298
-0.615805
-0.593113
-0.454257
-0.225517
0.0506186
0.323325
0.542675
0.668576
0.677818
0.568021
0.357833
0.0834111
-0.20811
-0.466966
-0.649426
-0.725248
-0.682662
-0.530063
-0.294217
-0.0153586
0.259886
0.486487
0.62852
0.664943
0.592706
0.426764
0.197087
-0.0567359
-0.292306
-0.471467
-0.566428
-0.563978
-0.467184
-0.294384
-0.0757547
0.151903
0.351257
0.490401
0.54776
0.515187
0.39888
0.218032
0.00153882
-0.216675
-0.402941
-0.528934
-0.575809
-0.536826
-0.418106
-0.237499
-0.0217624
0.197486
0.388441
0.523728
0.584308
0.562143
0.461251
0.297016
0.09387
-0.118332
-0.308713
-0.449929
-0.522215
-0.516324
-0.4349
-0.292074
-0.111292
0.078323
0.246529
0.36678
0.420513
0.400231
0.310832
0.168923
0.000174869
-0.164917
-0.296187
-0.369039
-0.368877
-0.293933
-0.155948
0.0214857
0.206728
0.365444
0.466632
0.488282
0.421661
0.273398
0.0649448
-0.17062
-0.393951
-0.566091
-0.655299
-0.642829
-0.526617
-0.322151
-0.0603004
0.21761
0.466663
0.645995
0.725882
0.692993
0.552869
0.32911
0.0594004
-0.210994
-0.4371
-0.582101
-0.623782
-0.558381
-0.401131
-0.183389
0.0531606
0.264179
0.410827
0.466917
0.423737
0.291638
0.0980938
-0.117454
-0.311011
-0.442363
-0.482772
-0.42061
-0.263861
-0.0389905
0.213642
0.447017
0.616041
0.685913
0.638732
0.477136
0.224262
-0.0799805
-0.385696
-0.641629
-0.80411
-0.844704
-0.755217
-0.549157
-0.259406
0.0674681
0.379229
0.626894
0.772968
0.79756
0.701333
0.50483
0.24437
-0.0346848
-0.286042
-0.470483
-0.562356
-0.553433
-0.453534
-0.287899
-0.0918976
0.0958763
0.240821
0.318523
0.318828
0.247119
0.12265
-0.0256525
-0.165075
-0.265527
-0.305283
-0.274999
-0.179301
-0.0357234
0.128752
0.282845
0.396836
0.448037
0.424891
0.328987
0.174682
-0.0135388
-0.205425
-0.370225
-0.481899
-0.523369
-0.489101
-0.385654
-0.23018
-0.0472394
0.135449
0.291539
0.400104
0.448546
0.433973
0.362932
0.249665
0.113314
-0.0253874
-0.147339
-0.237718
-0.287674
-0.294926
-0.263308
-0.201466
-0.121047
-0.0347233
0.045627
0.110334
0.152836
0.170033
0.162189
0.132487
0.0863725
0.0308149
-0.0264674
-0.0777663
-0.116126
-0.136064
-0.134233
-0.109976
-0.0656652
-0.00672705
0.0587575
0.12091
0.16934
0.194731
0.190487
0.154177
0.0884407
0.0011497
-0.0953569
-0.185917
-0.254889
-0.288838
-0.279102
-0.223748
-0.128503
-0.00637832
0.124056
0.241524
0.325612
0.360422
0.337659
0.258541
0.134105
-0.0162404
-0.167747
-0.294478
-0.37386
-0.390838
-0.340836
-0.230941
-0.0790269
0.0891154
0.244168
0.358452
0.410944
0.391221
0.301575
0.156864
-0.0179225
-0.192001
-0.334269
-0.418935
-0.430271
-0.365596
-0.235913
-0.0640464
0.119417
0.28165
0.393573
0.435202
0.399359
0.293032
0.13612
-0.0422263
-0.20901
-0.333529
-0.393124
-0.377433
-0.290359
-0.149354
0.0178571
0.178521
0.301087
0.361254
0.346695
0.259545
0.116157
-0.0558423
-0.222685
-0.350837
-0.413413
-0.39545
-0.297013
-0.133527
0.0667529
0.267712
0.431892
0.52737
0.533733
0.446049
0.276085
0.0505289
-0.1935
-0.414841
-0.575458
-0.647111
-0.616317
-0.486756
-0.278673
-0.0254186
0.232267
0.453178
0.602573
0.657897
0.612312
0.475485
0.27154
0.0346196
-0.197116
-0.387965
-0.51049
-0.549671
-0.504762
-0.388611
-0.224698
-0.0425084
0.127847
0.260777
0.339223
0.356876
0.318333
0.237282
0.133186
0.0271835
-0.0619823
-0.121227
-0.145031
-0.135704
-0.102085
-0.0570214
-0.0142392
0.0147499
0.0230567
0.00968629
-0.0205358
-0.0583066
-0.0921252
-0.110998
-0.106987
-0.0770705
-0.02394
0.0444078
0.116191
0.178139
0.218103
0.227441
0.202718
0.146398
0.0664078
-0.0253078
-0.114939
-0.189242
-0.237774
-0.254527
-0.238673
-0.194346
-0.129559
-0.0545123
0.020315
0.0859195
0.136039
0.167726
0.18119
0.179029
0.165083
0.143233
0.116431
0.0861954
0.0526565
0.0151127
-0.0270818
-0.0735612
-0.122211
-0.168882
-0.207698
-0.231927
-0.235286
-0.21339
-0.165037
-0.0930034
-0.00413118
0.0913777
0.181384
0.253715
0.298193
0.308416
0.282909
0.225431
0.144341
0.0511426
-0.0415208
-0.122027
-0.181675
-0.215946
-0.224896
-0.212614
-0.185888
-0.152393
-0.118803
-0.0892691
-0.0645957
-0.0423326
-0.0177577
0.0144579
0.0582879
0.114563
0.179815
0.246102
0.30195
0.33432
0.331261
0.284744
0.193058
0.062232
-0.0939277
-0.255337
-0.398506
-0.500356
-0.542305
-0.513878
-0.415111
-0.257236
-0.0613965
0.144454
0.330003
0.467617
0.537069
0.529085
0.447024
0.306342
0.131885
-0.0465272
-0.199431
-0.303001
-0.343283
-0.318583
-0.239532
-0.12681
-0.00693509
0.0930936
0.151252
0.155
0.103934
0.0100281
-0.104629
-0.212211
-0.284819
-0.300367
-0.247498
-0.128549
0.0401017
0.230461
0.407751
0.536803
0.588824
0.54727
0.411655
0.198505
-0.0608236
-0.325166
-0.55056
-0.698012
-0.74061
-0.668645
-0.491772
-0.237737
0.0521679
0.330141
0.550178
0.67616
0.688237
0.586364
0.390307
0.13609
-0.130465
-0.361976
-0.517998
-0.572257
-0.517282
-0.365614
-0.147358
0.0954578
0.316671
0.4745
0.539206
0.498508
0.359756
0.14849
-0.0963473
-0.329627
-0.508351
-0.599523
-0.586122
-0.470106
-0.271909
-0.0265483
0.22288
0.433119
0.568579
0.607652
0.546346
0.39862
0.193411
-0.0310545
-0.234537
-0.382271
-0.451251
-0.434154
-0.340201
-0.192856
-0.024851
0.128459
0.23611
0.277556
0.246548
0.152158
0.016757
-0.128617
-0.250585
-0.320208
-0.318897
-0.2423
-0.101415
0.0792861
0.266386
0.42382
0.519755
0.532736
0.455933
0.298678
0.0849974
-0.150589
-0.369213
-0.534613
-0.619591
-0.610802
-0.510992
-0.338301
-0.122794
0.0991044
0.291215
0.424023
0.479725
0.454991
0.361
0.220776
0.0644045
-0.0769363
-0.176978
-0.219257
-0.199998
-0.128477
-0.0248306
0.08422
0.170891
0.212023
0.193852
0.114938
-0.0132736
-0.168385
-0.321092
-0.440592
-0.500351
-0.483169
-0.384621
-0.214247
0.00570557
0.243769
0.464335
0.633453
0.724321
0.721575
0.623661
0.442959
0.203701
-0.0619068
-0.318641
-0.533483
-0.680245
-0.742918
-0.717319
-0.610881
-0.440797
-0.230933
-0.0081023
0.201681
0.376395
0.50027
0.564904
0.569252
0.518694
0.423471
0.296847
0.153314
0.00706723
-0.129134
-0.244699
-0.331605
-0.384585
-0.401189
-0.381799
-0.32959
-0.250402
-0.152428
-0.045645
0.0590412
0.150914
0.220707
0.261828
0.271331
0.250414
0.204318
0.141557
0.0725758
0.00803282
-0.042995
-0.0745554
-0.0848038
-0.0762169
-0.0549664
-0.0295521
-0.00894409
-0.00059818
-0.00874843
-0.0333407
-0.0698546
-0.110087
-0.143778
-0.160766
-0.153265
-0.117773
-0.0562098
0.0239988
0.110962
0.190338
0.247958
0.272576
0.258181
0.205414
0.121749
0.0203747
-0.0820744
-0.168517
-0.2246
-0.24144
-0.217364
-0.158308
-0.0767383
0.0107109
0.0864657
0.135477
0.148248
0.122817
0.0652727
-0.0113361
-0.089519
-0.150828
-0.179643
-0.166509
-0.110351
-0.019093
0.0915012
0.200587
0.286117
0.329116
0.317533
0.248915
0.131338
-0.017622
-0.173761
-0.310451
-0.403442
-0.435345
-0.398984
-0.298933
-0.150939
0.0207099
0.18741
0.321309
0.400277
0.411877
0.355582
0.242828
0.0948829
-0.0610837
-0.196999
-0.289033
-0.321928
-0.291721
-0.206336
-0.0839637
0.0504776
0.170124
0.251285
0.277938
0.244757
0.158101
0.0347842
-0.101129
-0.222909
-0.306242
-0.333868
-0.29888
-0.206095
-0.0712105
0.0820578
0.226344
0.33567
0.39021
0.379915
0.30631
0.182157
0.0290637
-0.126505
-0.258052
-0.343812
-0.370568
-0.335846
-0.248089
-0.124828
0.0107695
0.134306
0.22467
0.267811
0.259088
0.203778
0.115698
0.0142427
-0.0795635
-0.14721
-0.176252
-0.16259
-0.111062
-0.0342589
0.0501636
0.123153
0.168157
0.174499
0.139564
0.0693823
-0.0225057
-0.117679
-0.196445
-0.241737
-0.242539
-0.19619
-0.1091
0.00425136
0.123865
0.227856
0.296494
0.3159
0.280718
0.195263
0.0729207
-0.0660877
-0.198193
-0.30058
-0.355189
-0.351888
-0.290279
-0.17981
-0.0381918
0.111595
0.245175
0.340857
0.383216
0.365583
0.291032
0.171733
0.0268128
-0.12088
-0.248538
-0.337049
-0.373929
-0.355096
-0.285209
-0.176591
-0.0469701
0.0835532
0.195766
0.274299
0.309801
0.300038
0.249776
0.169559
0.0736304
-0.0225879
-0.105038
-0.16315
-0.19124
-0.188986
-0.160977
-0.11547
-0.0626241
-0.0125445
0.0265045
0.0494258
0.0549463
0.0455275
0.0265871
0.00520376
-0.0114359
-0.0175575
-0.0100069
0.0110691
0.042188
0.077146
0.108171
0.127407
0.128474
0.10781
0.0655664
0.00587188
-0.0635987
-0.132703
-0.190402
-0.226566
-0.233735
-0.208522
-0.152415
-0.0718172
0.0227183
0.117964
0.199995
0.256359
0.2781
0.261286
0.207784
0.125122
0.0254321
-0.076388
-0.164999
-0.227074
-0.253474
-0.240766
-0.191826
-0.115393
-0.0246391
0.0650386
0.138619
0.18403
0.194231
0.168448
0.112321
0.0369135
-0.0432411
-0.112748
-0.158142
-0.17038
-0.14656
-0.0905643
-0.0124674
0.0731918
0.149997
0.202642
0.219785
0.196249
0.134155
0.0427574
-0.063014
-0.165073
-0.245319
-0.288851
-0.286675
-0.237424
-0.147748
-0.0313093
0.0934623
0.206471
0.289363
0.328639
0.317935
0.259063
0.161635
0.0413605
-0.0826778
-0.191269
-0.268262
-0.30314
-0.292537
-0.240473
-0.157305
-0.0576357
0.0423992
0.127942
0.18781
0.21606
0.212479
0.181989
0.133147
0.0761133
0.0205212
-0.0262916
-0.0603612
-0.0812975
-0.0916307
-0.0955143
-0.0971356
-0.0992422
-0.102162
-0.103573
-0.099101
-0.0836192
-0.0529572
-0.00559244
0.0561077
0.12546
0.19206
0.24337
0.267071
0.25372
0.19918
0.106273
-0.0147877
-0.147382
-0.270843
-0.363841
-0.408217
-0.392563
-0.314838
-0.183451
-0.0165071
0.160764
0.32003
0.434645
0.48439
0.459264
0.361606
0.206089
0.0175096
-0.173298
-0.334736
-0.439973
-0.471734
-0.425446
-0.310153
-0.146958
0.0347254
0.202485
0.32681
0.386491
0.372522
0.289742
0.155896
-0.00174514
-0.151589
-0.263792
-0.31605
-0.297993
-0.213341
-0.0793483
0.0763777
0.221146
0.323552
0.359747
0.318412
0.203432
0.0337055
-0.159947
-0.340281
-0.470548
-0.521568
-0.477635
-0.340099
-0.127896
0.12518
0.376036
0.579746
0.6976
0.704295
0.592928
0.376859
0.0880139
-0.228127
-0.520039
-0.73887
-0.84685
-0.823916
-0.671363
-0.411867
-0.0858507
0.255198
0.557298
0.772959
0.869028
0.832053
0.670254
0.411813
0.0998109
-0.215257
-0.484059
-0.666587
-0.738508
-0.694645
-0.549059
-0.331816
-0.0831083
0.15415
0.341896
0.453303
0.476881
0.417634
0.295171
0.139236
-0.0164494
-0.140807
-0.211264
-0.217759
-0.164205
-0.067198
0.0477224
0.151486
0.217515
0.227197
0.173759
0.0638196
-0.0836722
-0.240892
-0.376347
-0.460851
-0.473161
-0.404228
-0.25928
-0.0573473
0.17169
0.392009
0.567847
0.669537
0.678538
0.590602
0.416548
0.18055
-0.0837381
-0.338531
-0.547821
-0.682855
-0.72631
-0.674534
-0.537567
-0.33705
-0.102456
0.133652
0.34054
0.493586
0.577321
0.586836
0.527473
0.413027
0.262873
0.0986138
-0.059179
-0.193611
-0.293159
-0.352283
-0.371018
-0.353815
-0.307946
-0.241876
-0.163896
-0.0812277
0.000331637
0.0762998
0.143107
0.197623
0.236834
0.257799
0.257964
0.235743
0.191232
0.126838
0.0476185
-0.0388483
-0.123106
-0.194954
-0.244895
-0.265667
-0.253564
-0.209283
-0.138113
-0.0493702
0.0448522
0.131436
0.19822
0.235867
0.23932
0.208573
0.148656
0.0688126
-0.0189694
-0.101826
-0.167977
-0.208448
-0.21829
-0.197131
-0.148985
-0.0814257
-0.00426759
0.0719716
0.137582
0.184901
0.209124
0.208608
0.18469
0.141133
0.0833519
0.0175822
-0.0498481
-0.113058
-0.16693
-0.207236
-0.230658
-0.234785
-0.218188
-0.180612
-0.123258
-0.0491053
0.0368493
0.127573
0.214298
0.287212
0.336517
0.353752
0.333198
0.273128
0.176652
0.0519476
-0.0882524
-0.227934
-0.349713
-0.437151
-0.47714
-0.461989
-0.390857
-0.270278
-0.113624
0.0604508
0.230407
0.374716
0.474836
0.517831
0.498223
0.418784
0.290161
0.129366
-0.042636
-0.203864
-0.334367
-0.418898
-0.448852
-0.423193
-0.348257
-0.236531
-0.104593
0.0294072
0.148348
0.238426
0.290812
0.302463
0.276054
0.219073
0.142323
0.0580673
-0.0218292
-0.0875173
-0.132299
-0.153174
-0.150776
-0.128801
-0.0930598
-0.0503781
-0.00751369
0.0297325
0.0571187
0.0722385
0.0745007
0.0648843
0.0455659
0.0195132
-0.00988417
-0.0391101
-0.0647446
-0.083642
-0.093108
-0.0911087
-0.076527
-0.0494441
-0.0113927
0.0344957
0.0835333
0.129775
0.166597
0.187533
0.187266
0.162634
0.113482
0.0431625
-0.0414526
-0.130524
-0.212357
-0.274948
-0.307775
-0.303543
-0.259607
-0.178794
-0.0694437
0.055409
0.179647
0.286272
0.359885
0.389061
0.368236
0.298789
0.189091
0.053489
-0.0896624
-0.220644
-0.321282
-0.377686
-0.382357
-0.335346
-0.244245
-0.123014
0.0101839
0.135796
0.235892
0.296893
0.311578
0.280049
0.209517
0.112946
0.00680309
-0.0917022
-0.167426
-0.209677
-0.213798
-0.181689
-0.12121
-0.0446081
0.033765
0.100002
0.143034
0.156442
0.139397
0.0965796
0.0371249
-0.0271881
-0.0841677
-0.123443
-0.138301
-0.126801
-0.0919862
-0.041167
0.015562
0.0672907
0.104371
0.120212
0.112473
0.0834304
0.0394624
-0.0102329
-0.0554503
-0.0869682
-0.0983443
-0.0871772
-0.0555986
-0.00990038
0.0406343
0.0854812
0.114885
0.121752
0.103084
0.0606686
0.000907562
-0.0662119
-0.128815
-0.175218
-0.196016
-0.185815
-0.144292
-0.0764043
0.00831111
0.0972192
0.17661
0.23392
0.259774
0.249517
0.203974
0.12933
0.0361496
-0.0622852
-0.152042
-0.220668
-0.259038
-0.262641
-0.232105
-0.172921
-0.0944231
-0.00822773
0.0736042
0.140376
0.184253
0.201235
0.191475
0.158937
0.110488
0.0546133
-3.14993e-05
-0.0459698
-0.0779578
-0.0935893
-0.0933872
-0.080405
-0.0594396
-0.0360141
-0.0153178
-0.00128344
0.00404773
0.00078278
-0.0089707
-0.0216131
-0.032821
-0.0384354
-0.0353129
-0.0219952
0.000918801
0.0307623
0.0631582
0.092693
0.113803
0.121734
0.113423
0.088148
0.0478437
-0.00300305
-0.0578684
-0.10907
-0.148888
-0.170765
-0.170408
-0.146602
-0.101593
-0.0409514
0.0270952
0.0927955
0.146314
0.179269
0.186128
0.165222
0.11919
0.0547476
-0.0182235
-0.0881536
-0.143617
-0.175228
-0.177293
-0.148909
-0.0943114
-0.0223532
0.0548237
0.123752
0.17192
0.189989
0.173565
0.12418
0.0492831
-0.038815
-0.124897
-0.193399
-0.231151
-0.229811
-0.187559
-0.109709
-0.00808422
0.100778
0.198339
0.267225
0.294322
0.27323
0.205629
0.101272
-0.0234406
-0.148108
-0.251749
-0.316429
-0.330449
-0.29052
-0.202507
-0.0805912
0.0550583
0.181702
0.27796
0.327554
0.322199
0.263111
0.160839
0.0334272
-0.0967635
-0.207038
-0.278423
-0.299066
-0.266351
-0.187337
-0.0774293
0.0424953
0.14997
0.225128
0.254412
0.233113
0.166256
0.06764
-0.0427881
-0.142754
-0.211957
-0.236037
-0.209454
-0.136703
-0.0316184
0.0851382
0.189963
0.260843
0.281697
0.245682
0.156818
0.0295821
-0.113495
-0.245836
-0.341698
-0.381042
-0.353471
-0.260491
-0.115622
0.0576988
0.230089
0.371372
0.455986
0.467666
0.402532
0.269992
0.0912811
-0.104152
-0.28375
-0.417557
-0.483486
-0.471202
-0.383902
-0.237671
-0.0585332
0.122278
0.273951
0.371605
0.400671
0.359339
0.258636
0.120131
-0.0282986
-0.157823
-0.244151
-0.272111
-0.238453
-0.15236
-0.0335632
0.091591
0.19536
0.254131
0.253196
0.189844
0.0741742
-0.0725703
-0.221854
-0.343195
-0.410017
-0.404903
-0.32326
-0.174662
0.0184028
0.224227
0.40736
0.534901
0.582484
0.538832
0.408066
0.209293
-0.0264648
-0.26149
-0.457814
-0.583752
-0.619363
-0.559862
-0.416373
-0.213901
0.0131199
0.226899
0.392883
0.485708
0.49344
0.419367
0.281041
0.106773
-0.0697522
-0.215757
-0.305378
-0.324321
-0.272304
-0.162878
-0.0206495
0.123535
0.238571
0.299117
0.290529
0.211807
0.0759854
-0.0921202
-0.260396
-0.395349
-0.468378
-0.461247
-0.369766
-0.204967
0.00844774
0.236143
0.439987
0.584655
0.643841
0.604978
0.471625
0.263083
0.0113028
-0.244394
-0.463873
-0.612881
-0.668734
-0.624012
-0.487652
-0.283255
-0.0449285
0.188587
0.380491
0.502047
0.537206
0.484964
0.35907
0.185198
-0.00388669
-0.174284
-0.296959
-0.352744
-0.335458
-0.252635
-0.123767
0.0235836
0.159068
0.255261
0.292761
0.263763
0.173457
0.0390329
-0.113533
-0.254311
-0.354991
-0.394177
-0.361451
-0.259467
-0.103677
0.080253
0.260894
0.40659
0.491081
0.498223
0.424959
0.282005
0.092113
-0.113776
-0.301836
-0.441176
-0.509161
-0.495298
-0.403
-0.248928
-0.0600283
0.13122
0.292491
0.397239
0.429273
0.385461
0.276119
0.122997
-0.044754
-0.195908
-0.302831
-0.346473
-0.319772
-0.228887
-0.0920027
0.0640444
0.208743
0.313566
0.357295
0.330041
0.235211
0.0890566
-0.0821419
-0.246768
-0.373602
-0.437572
-0.424476
-0.333807
-0.179149
0.0139686
0.212406
0.381188
0.489714
0.517291
0.457
0.317178
0.120231
-0.101062
-0.309116
-0.468028
-0.549851
-0.539549
-0.437755
-0.260816
-0.0381194
0.192872
0.393014
0.528197
0.575218
0.525786
0.387966
0.184797
-0.0496555
-0.276134
-0.456897
-0.562118
-0.574896
-0.493989
-0.333845
-0.121939
0.106088
0.312616
0.464462
0.538407
0.524891
0.42926
0.270405
0.0770871
-0.117351
-0.280907
-0.388418
-0.425655
-0.391336
-0.296741
-0.163091
-0.0172101
0.113661
0.206927
0.248641
0.23573
0.176066
0.0864471
-0.0111047
-0.0939514
-0.143464
-0.148759
-0.108834
-0.032695
0.0625176
0.155047
0.222974
0.248737
0.222845
0.146026
0.0294166
-0.107301
-0.239451
-0.341954
-0.394096
-0.383557
-0.308948
-0.180343
-0.0176973
0.152575
0.302251
0.406317
0.447434
0.419033
0.326465
0.185993
0.0218281
-0.138251
-0.267879
-0.346762
-0.364175
-0.320642
-0.227535
-0.104673
0.023595
0.133075
0.204286
0.226036
0.197344
0.127367
0.0333597
-0.0629157
-0.139633
-0.179328
-0.17244
-0.119297
-0.030136
0.0768529
0.179074
0.254004
0.283736
0.258695
0.179809
0.0586861
-0.0842787
-0.223521
-0.333009
-0.391144
-0.384947
-0.312724
-0.184691
-0.0214031
0.149744
0.299333
0.401188
0.437121
0.400288
0.296531
0.143443
-0.0326853
-0.201494
-0.333935
-0.407413
-0.409781
-0.341451
-0.21525
-0.0540534
0.113368
0.257524
0.353468
0.385189
0.348343
0.250857
0.111303
-0.0446255
-0.18887
-0.296117
-0.348322
-0.337818
-0.268475
-0.154713
-0.0185969
0.114424
0.220316
0.280897
0.28708
0.240344
0.152169
0.0415894
-0.0686601
-0.156638
-0.205471
-0.206594
-0.161326
-0.0805116
0.0177192
0.111607
0.180149
0.207343
0.185488
0.116878
0.0135604
-0.104818
-0.214677
-0.292998
-0.321811
-0.291808
-0.20439
-0.0717592
0.0850157
0.239599
0.365023
0.438519
0.445641
0.382966
0.258831
0.0920057
-0.091484
-0.2628
-0.395207
-0.468575
-0.472678
-0.408723
-0.288852
-0.133768
0.0310714
0.179956
0.291306
0.351144
0.355057
0.308353
0.224442
0.121821
0.0202833
-0.0628905
-0.116041
-0.134951
-0.123073
-0.0901858
-0.0497993
-0.0158746
0.000438431
-0.00663274
-0.0361474
-0.0806229
-0.127679
-0.162819
-0.172767
-0.148673
-0.0884916
0.00197707
0.109664
0.216358
0.302009
0.34861
0.343875
0.284011
0.174978
0.0319514
-0.122982
-0.264527
-0.368616
-0.416781
-0.399637
-0.318812
-0.186929
-0.0256034
0.138219
0.276937
0.367157
0.393839
0.353002
0.252446
0.110383
-0.0478078
-0.194106
-0.302845
-0.355269
-0.342827
-0.26861
-0.146687
0.000543415
0.146466
0.265091
0.335712
0.346555
0.296737
0.196228
0.063821
-0.0764625
-0.199857
-0.285377
-0.319546
-0.298643
-0.22908
-0.125882
-0.00957551
0.0978755
0.177301
0.215915
0.209574
0.163302
0.089992
0.00757328
-0.0647855
-0.11068
-0.119884
-0.090492
-0.029368
0.0492026
0.1264
0.18274
0.202164
0.175555
0.102957
-0.00595316
-0.133283
-0.256
-0.350119
-0.395235
-0.378544
-0.297597
-0.161232
0.0115199
0.19441
0.358311
0.47618
0.527747
0.503104
0.404549
0.24634
0.0523978
-0.147642
-0.323346
-0.448504
-0.505394
-0.487553
-0.400606
-0.261027
-0.0930938
0.0754042
0.217934
0.313632
0.35059
0.3275
0.253391
0.145582
0.0262612
-0.0816696
-0.158719
-0.192179
-0.178165
-0.122015
-0.0370091
0.0582906
0.14359
0.20063
0.216515
0.186017
0.112483
0.0072305
-0.112443
-0.22624
-0.314311
-0.360579
-0.355385
-0.297042
-0.192085
-0.0542081
0.0978693
0.243255
0.361971
0.437794
0.460454
0.426883
0.341414
0.214952
0.0633164
-0.0949659
-0.241086
-0.358256
-0.433628
-0.459609
-0.434498
-0.362406
-0.252552
-0.118046
0.0256702
0.162562
0.277735
0.359016
0.398229
0.392053
0.342376
0.25608
0.144272
0.0209961
-0.0984461
-0.199396
-0.269734
-0.301512
-0.292095
-0.244595
-0.167501
-0.0734989
0.022384
0.10507
0.161809
0.184266
0.16996
0.122789
0.0524804
-0.0269581
-0.0996027
-0.1504
-0.167918
-0.146577
-0.0879328
-0.000744729
0.100242
0.196656
0.269623
0.303146
0.287149
0.219622
0.107465
-0.0342051
-0.184206
-0.318597
-0.414613
-0.454565
-0.429027
-0.338741
-0.194874
-0.0175244
0.167306
0.331797
0.450786
0.505879
0.488504
0.401369
0.258068
0.0808899
-0.102814
-0.265089
-0.381907
-0.437012
-0.424421
-0.349178
-0.22624
-0.0777241
0.0710077
0.195719
0.277368
0.305178
0.278186
0.205035
0.102088
-0.00978309
-0.109111
-0.177753
-0.204102
-0.185027
-0.126221
-0.040904
0.0528303
0.135534
0.190126
0.205122
0.176797
0.109871
0.0166186
-0.085425
-0.176743
-0.239482
-0.260796
-0.235284
-0.166065
-0.0643127
0.0526832
0.164562
0.251506
0.297763
0.294468
0.241242
0.146308
0.0251034
-0.10236
-0.214908
-0.293802
-0.325883
-0.305737
-0.236522
-0.129335
-0.00126898
0.127488
0.236991
0.310731
0.338166
0.316169
0.249218
0.148344
0.0290782
-0.0911883
-0.195973
-0.272105
-0.31141
-0.311429
-0.27517
-0.210008
-0.126042
-0.0342543
0.0551583
0.134006
0.196712
0.240296
0.263857
0.267798
0.253042
0.220505
0.170972
0.105423
0.0256909
-0.0647446
-0.160113
-0.252136
-0.330428
-0.383597
-0.400942
-0.374485
-0.300981
-0.18344
-0.0318019
0.137549
0.303481
0.442895
0.534203
0.560947
0.514943
0.39832
0.224009
0.0144544
-0.201358
-0.392173
-0.52937
-0.5917
-0.569031
-0.464383
-0.293846
-0.0842749
0.130915
0.317207
0.444781
0.49366
0.457277
0.34378
0.174801
-0.0181916
-0.199357
-0.334843
-0.398939
-0.378893
-0.277517
-0.113028
0.0839106
0.275487
0.423502
0.496405
0.475337
0.358069
0.16007
-0.0875974
-0.34324
-0.561575
-0.701643
-0.73421
-0.647334
-0.449068
-0.166746
0.157103
0.471569
0.72577
0.877429
0.900131
0.787983
0.556851
0.241911
-0.108066
-0.438763
-0.699288
-0.850556
-0.87162
-0.762889
-0.545691
-0.25829
0.0509028
0.331726
0.540777
0.648552
0.64399
0.535682
0.349602
0.123837
-0.0986568
-0.277945
-0.384199
-0.402717
-0.336029
-0.202764
-0.0335777
0.135042
0.267887
0.337716
0.330294
0.24686
0.103624
-0.0715438
-0.244566
-0.381689
-0.455835
-0.45161
-0.368037
-0.218567
-0.0284183
0.170201
0.344037
0.46478
0.513964
0.485914
0.388252
0.239946
0.0673694
-0.100811
-0.2389
-0.328587
-0.361698
-0.340839
-0.277917
-0.190935
-0.0998039
-0.0220708
0.030556
0.0541858
0.0528805
0.0369879
0.0200989
0.0153402
0.0318457
0.0721995
0.131431
0.197799
0.255221
0.286833
0.278926
0.224403
0.124982
-0.00835298
-0.156845
-0.297127
-0.40548
-0.462337
-0.456147
-0.38579
-0.261044
-0.100984
0.0694102
0.223778
0.339149
0.400026
0.400983
0.347269
0.253323
0.139521
0.0278496
-0.0626013
-0.119375
-0.13885
-0.126451
-0.0948394
-0.0604945
-0.0394321
-0.0430249
-0.074866
-0.129422
-0.192841
-0.245831
-0.268047
-0.243088
-0.163019
-0.0313801
0.136093
0.31335
0.468309
0.568822
0.589196
0.515982
0.351798
0.116282
-0.156206
-0.421879
-0.634987
-0.756119
-0.759807
-0.639939
-0.411858
-0.110589
0.214641
0.508707
0.720294
0.811243
0.763796
0.584337
0.302831
-0.0320457
-0.361309
-0.626123
-0.77845
-0.78993
-0.657329
-0.403488
-0.0735271
0.273072
0.573126
0.771216
0.829883
0.736659
0.506617
0.179906
-0.185299
-0.523211
-0.772317
-0.886581
-0.843917
-0.650362
-0.339166
0.0350506
0.406047
0.707843
0.886589
0.910273
0.774499
0.503291
0.144786
-0.237406
-0.575601
-0.810139
-0.900002
-0.83005
-0.613588
-0.289852
0.0831258
0.438937
0.714622
0.861786
0.855017
0.696171
0.413788
0.0578245
-0.309295
-0.623692
-0.831137
-0.896287
-0.808509
-0.583313
-0.259286
0.108873
0.459889
0.736324
0.894057
0.90925
0.781702
0.534166
0.20789
-0.144698
-0.468823
-0.716175
-0.852236
-0.861013
-0.746541
-0.531124
-0.250813
0.0509666
0.330455
0.550108
0.683649
0.718969
0.658624
0.518094
0.322332
0.101306
