-0.168429
-0.17671
-0.183589
-0.18904
-0.19305
-0.195621
-0.196766
-0.19651
-0.194891
-0.191956
-0.187762
-0.182378
-0.175876
-0.16834
-0.159858
-0.150521
-0.140426
-0.129674
-0.118364
-0.106597
-0.0944762
-0.0820995
-0.0695646
-0.0569659
-0.0443937
-0.0319342
-0.0196684
-0.00767189
0.00398553
0.0152401
0.0260343
0.036317
0.0460434
0.0551748
0.0636788
0.0715289
0.078704
0.0851886
0.0909721
0.0960486
0.100416
0.104077
0.107036
0.109303
0.110889
0.111807
0.112074
0.111706
0.110723
0.109147
0.106997
0.104299
0.101075
0.0973521
0.0931555
0.0885134
0.0834546
0.0780096
0.0722102
0.0660899
0.0596841
0.0530298
0.0461662
0.0391343
0.0319775
0.024741
0.0174719
0.0102195
0.0030346
-0.00403051
-0.0109222
-0.0175862
-0.0239675
-0.0300114
-0.0356636
-0.040871
-0.0455822
-0.0497482
-0.0533231
-0.0562649
-0.058536
-0.0601039
-0.0609422
-0.0610308
-0.0603569
-0.0589152
-0.0567088
-0.053749
-0.0500562
-0.0456598
-0.0405983
-0.0349194
-0.0286796
-0.0219442
-0.0147867
-0.00728839
0.000462595
0.00837173
0.0163392
0.0242611
0.0320301
0.0395372
0.0466727
0.0533277
0.0593956
0.0647731
0.0693622
0.0730714
0.075817
0.0775245
0.07813
0.0775811
0.0758383
0.0728756
0.0686816
0.0632597
0.0566291
0.0488245
0.0398964
0.0299112
0.0189502
0.00710965
-0.0055002
-0.0187562
-0.0325234
-0.0466563
-0.0610004
-0.075394
-0.0896698
-0.103657
-0.117183
-0.130075
-0.142165
-0.153288
-0.163285
-0.172007
-0.179316
-0.185087
-0.189209
-0.191586
-0.192142
-0.190817
-0.187575
-0.182396
-0.175285
-0.166267
-0.155389
-0.142719
-0.128348
-0.112385
-0.0949599
-0.0762197
-0.0563288
-0.0354661
-0.0138239
0.00839468
0.0309777
0.0537067
0.0763593
0.0987116
0.12054
0.141627
0.161757
0.180727
0.198342
0.214422
0.228801
0.241332
0.251884
0.260349
0.266639
0.270689
0.272458
0.271928
0.269105
0.264019
0.256723
0.247293
0.235827
0.222442
0.207275
0.190481
0.172229
0.152704
0.132098
0.110615
0.0884649
0.0658615
0.0430199
0.0201545
-0.00252368
-0.0248092
-0.0465046
-0.0674225
-0.0873875
-0.106238
-0.123828
-0.140027
-0.154724
-0.167827
-0.179261
-0.188973
-0.196928
-0.203114
-0.207534
-0.210212
-0.211192
-0.210529
-0.2083
-0.204592
-0.199506
-0.193152
-0.185652
-0.177134
-0.167729
-0.157575
-0.146808
-0.135567
-0.123985
-0.112195
-0.100321
-0.0884819
-0.0767879
-0.0653398
-0.0542281
-0.0435321
-0.0333196
-0.0236461
-0.0145554
-0.00607892
0.00176381
0.00896454
0.0155259
0.0214605
0.0267902
0.0315449
0.0357617
0.0394831
0.0427566
0.0456326
0.0481636
0.0504027
0.0524024
0.0542133
0.0558831
0.0574557
0.0589699
0.0604589
0.0619496
0.0634623
0.06501
0.0665984
0.068226
0.0698843
0.0715578
0.0732248
0.0748577
0.0764241
0.0778874
0.0792076
0.0803428
0.0812499
0.0818856
0.082208
0.0821772
0.0817569
0.0809148
0.0796242
0.0778645
0.0756221
0.0728909
0.069673
0.0659788
0.0618275
0.0572467
0.0522726
0.0469496
0.0413297
0.0354719
0.0294413
0.0233084
0.0171478
0.0110371
0.0050556
-0.000717138
-0.00620251
-0.0113244
-0.0160107
-0.0201944
-0.0238153
-0.0268212
-0.0291688
-0.0308251
-0.0317682
-0.0319879
-0.0314865
-0.0302792
-0.0283939
-0.0258717
-0.0227661
-0.019143
-0.0150797
-0.0106643
-0.00599402
-0.00117459
0.00368166
0.00845731
0.0130316
0.0172823
0.0210878
0.0243287
0.0268906
0.0286653
0.0295534
0.0294659
0.028326
0.0260711
0.0226541
0.0180446
0.0122304
0.00521789
-0.00296681
-0.0122778
-0.0226493
-0.0339958
-0.0462126
-0.0591765
-0.0727473
-0.0867687
-0.10107
-0.115469
-0.129773
-0.14378
-0.157286
-0.17008
-0.181956
-0.192707
-0.202135
-0.210048
-0.216268
-0.22063
-0.222988
-0.223214
-0.221202
-0.21687
-0.210162
-0.201049
-0.189531
-0.175635
-0.159421
-0.140976
-0.120416
-0.0978875
-0.0735635
-0.0476431
-0.0203496
0.00807178
0.0373562
0.0672222
0.0973745
0.127508
0.15731
0.186464
0.214657
0.241577
0.266921
0.290398
0.311733
0.330669
0.346971
0.360431
0.370868
0.37813
0.382102
0.382698
0.379874
0.373617
0.363955
0.350953
0.334711
0.315367
0.293093
0.268094
0.240606
0.210893
0.179244
0.14597
0.111402
0.0758837
0.0397715
0.00342716
-0.0327845
-0.0685004
-0.103364
-0.137028
-0.169159
-0.199444
-0.227589
-0.253326
-0.276416
-0.296649
-0.313851
-0.32788
-0.338632
-0.346042
-0.35008
-0.350757
-0.348121
-0.342257
-0.333284
-0.321358
-0.306664
-0.289417
-0.269858
-0.248253
-0.224883
-0.200049
-0.174062
-0.14724
-0.119907
-0.0923843
-0.0649906
-0.0380352
-0.0118155
0.0133867
0.037309
0.059711
0.0803773
0.0991199
0.11578
0.13023
0.142374
0.152149
0.159526
0.164507
0.167127
0.167453
0.16558
0.161633
0.15576
0.148133
0.138944
0.128403
0.116733
0.104165
0.0909411
0.0773023
0.0634914
0.0497463
0.0362977
0.0233651
0.0111542
-0.000145949
-0.010366
-0.019358
-0.0269978
-0.0331862
-0.0378503
-0.0409445
-0.0424503
-0.0423766
-0.0407591
-0.0376596
-0.0331645
-0.027383
-0.0204456
-0.0125017
-0.00371669
0.00573052
0.0156505
0.0258464
0.0361174
0.0462615
0.0560793
0.0653768
0.0739687
0.0816812
0.0883551
0.0938478
0.0980363
0.100818
0.102114
0.101869
0.100053
0.0966601
0.0917116
0.0852534
0.0773563
0.0681144
0.0576443
0.0460827
0.033585
0.0203225
0.00647968
-0.00774803
-0.0221578
-0.0365422
-0.0506924
-0.0644016
-0.077468
-0.0896977
-0.100908
-0.110931
-0.119614
-0.126825
-0.13245
-0.136402
-0.138615
-0.13905
-0.137693
-0.134558
-0.129683
-0.123133
-0.114999
-0.105394
-0.0944537
-0.0823329
-0.0692053
-0.0552594
-0.0406963
-0.0257264
-0.0105667
0.0045629
0.0194424
0.0338555
0.0475922
0.0604527
0.0722498
0.0828121
0.0919864
0.0996402
0.105664
0.109971
0.112502
0.113225
0.112132
0.109245
0.104613
0.0983094
0.0904353
0.0811145
0.0704928
0.0587362
0.046028
0.0325662
0.0185608
0.00422996
-0.0102025
-0.0245109
-0.0384711
-0.0518638
-0.0644779
-0.0761139
-0.0865865
-0.0957282
-0.103391
-0.10945
-0.113803
-0.116375
-0.117119
-0.116013
-0.113066
-0.108315
-0.101824
-0.093684
-0.0840126
-0.0729509
-0.0606624
-0.0473299
-0.0331533
-0.0183464
-0.00313403
0.0122519
0.0275755
0.0426003
0.0570933
0.0708284
0.0835895
0.0951744
0.105398
0.114094
0.121119
0.126354
0.129708
0.131116
0.130544
0.127987
0.123471
0.117051
0.108815
0.0988736
0.0873694
0.0744675
0.0603561
0.0452434
0.0293547
0.0129287
-0.00378526
-0.0205316
-0.0370519
-0.0530886
-0.0683891
-0.0827098
-0.0958193
-0.107502
-0.117562
-0.125825
-0.132144
-0.136396
-0.138491
-0.138367
-0.135998
-0.131388
-0.124575
-0.11563
-0.104656
-0.0917878
-0.0771886
-0.0610487
-0.0435832
-0.0250285
-0.00563977
0.0143131
0.0345492
0.0547803
0.0747152
0.0940636
0.112541
0.12987
0.14579
0.160055
0.172441
0.182745
0.190795
0.196446
0.199586
0.200136
0.198052
0.193324
0.185981
0.176084
0.163734
0.14906
0.132228
0.113431
0.0928907
0.0708524
0.0475833
0.0233679
-0.00149564
-0.0266995
-0.0519303
-0.0768736
-0.101218
-0.124659
-0.146905
-0.167678
-0.18672
-0.203795
-0.218694
-0.231235
-0.241268
-0.248676
-0.253375
-0.255318
-0.254492
-0.250921
-0.244664
-0.235813
-0.224495
-0.210866
-0.195111
-0.17744
-0.158087
-0.137303
-0.115358
-0.0925289
-0.0691044
-0.0453751
-0.0216313
0.00184102
0.0247641
0.0468725
0.0679163
0.0876646
0.105909
0.122464
0.137173
0.149907
0.160567
0.169086
0.175426
0.179584
0.181585
0.181485
0.179368
0.175347
0.169556
0.162155
0.15332
0.143245
0.132137
0.120212
0.107691
0.0947976
0.0817553
0.0687816
0.0560857
0.0438656
0.0323045
0.0215686
0.0118039
0.00313495
-0.00433734
-0.0105369
-0.0154135
-0.0189429
-0.0211271
-0.021994
-0.0215965
-0.0200108
-0.0173355
-0.0136892
-0.0092081
-0.00404366
0.00164048
0.0076714
0.0138701
0.0200549
0.0260445
0.0316616
0.0367358
0.0411068
0.0446275
0.0471664
0.0486103
0.0488662
0.0478632
0.0455538
0.0419151
0.036949
0.0306829
0.023169
0.0144838
0.00472698
-0.00598004
-0.0174961
-0.0296624
-0.042305
-0.0552378
-0.0682653
-0.0811859
-0.0937953
-0.10589
-0.117269
-0.127742
-0.137125
-0.145251
-0.151969
-0.157146
-0.160672
-0.16246
-0.162449
-0.160603
-0.156917
-0.15141
-0.144132
-0.135157
-0.12459
-0.112558
-0.0992117
-0.0847239
-0.0692858
-0.0531043
-0.0363994
-0.0194003
-0.00234235
0.0145369
0.0310013
0.0468198
0.06177
0.0756419
0.0882412
0.0993924
0.108942
0.11676
0.122744
0.126818
0.128939
0.129092
0.127293
0.123591
0.118063
0.110816
0.101987
0.0917376
0.0802519
0.0677365
0.0544153
0.0405263
0.0263184
0.0120473
-0.00202853
-0.0156521
-0.0285719
-0.0405457
-0.0513449
-0.0607584
-0.0685957
-0.0746905
-0.0789036
-0.0811255
-0.0812783
-0.0793176
-0.0752334
-0.069051
-0.0608307
-0.0506679
-0.0386915
-0.0250628
-0.00997322
0.00635796
0.0236869
0.0417482
0.0602593
0.0789236
0.0974358
0.115486
0.132763
0.148962
0.163787
0.176956
0.188204
0.197291
0.204002
0.208153
0.209594
0.208209
0.203923
0.1967
0.186546
0.173507
0.157675
0.139179
0.118192
0.0949212
0.0696134
0.0425466
0.014029
-0.0156058
-0.0460024
-0.0767889
-0.107581
-0.137988
-0.167618
-0.196082
-0.223001
-0.24801
-0.270763
-0.290939
-0.308247
-0.322427
-0.333258
-0.340557
-0.344187
-0.344055
-0.340115
-0.332367
-0.320864
-0.305702
-0.287028
-0.265031
-0.239947
-0.212049
-0.18165
-0.149093
-0.114754
-0.0790296
-0.042337
-0.00510734
0.0322204
0.0692045
0.105406
0.140396
0.173758
0.205097
0.234041
0.260249
0.283414
0.303267
0.319578
0.332164
0.340889
0.345662
0.346444
0.343246
0.336125
0.325191
0.310599
0.292547
0.271278
0.247073
0.220247
0.191147
0.160146
0.127638
0.094032
0.0597505
0.0252192
-0.00913566
-0.0428936
-0.0756452
-0.106997
-0.136577
-0.164039
-0.189066
-0.211375
-0.23072
-0.246896
-0.259739
-0.269129
-0.27499
-0.277294
-0.276056
-0.271336
-0.263238
-0.251907
-0.237528
-0.220322
-0.200541
-0.178469
-0.154415
-0.128708
-0.101694
-0.0737302
-0.0451821
-0.0164164
0.0122024
0.0403167
0.0675812
0.0936659
0.118261
0.141081
0.161866
0.180387
0.196448
0.209885
0.220571
0.228417
0.233369
0.235413
0.23457
0.230896
0.224484
0.215458
0.203973
0.19021
0.174377
0.156702
0.137433
0.116831
0.095169
0.0727256
0.0497845
0.0266285
0.00353625
-0.0192207
-0.0413817
-0.0627
-0.0829453
-0.101907
-0.119395
-0.135243
-0.149309
-0.161479
-0.171662
-0.179796
-0.185847
-0.189806
-0.19169
-0.191542
-0.189426
-0.185431
-0.179664
-0.17225
-0.163331
-0.153059
-0.141601
-0.129128
-0.11582
-0.101857
-0.0874224
-0.0726947
-0.0578498
-0.0430569
-0.0284766
-0.0142591
-0.000543153
0.0125459
0.0248968
0.0364135
0.0470153
0.0566378
0.0652325
0.0727667
0.0792233
0.0846001
0.0889088
0.0921744
0.0944337
0.0957344
0.0961334
0.0956954
0.0944918
0.0925987
0.0900957
0.0870643
0.0835864
0.0797432
0.0756136
0.0712733
0.0667938
0.062241
0.0576754
0.0531504
0.0487128
0.0444019
0.0402498
0.036281
0.0325131
0.0289565
0.0256154
0.0224879
0.0195669
0.0168405
0.0142933
0.0119065
0.0096593
0.00752949
0.00549424
0.003531
0.00161816
-0.000264209
-0.00213377
-0.00400538
-0.00589065
-0.00779758
-0.00973038
-0.0116893
-0.0136705
-0.0156665
-0.0176658
-0.0196536
-0.0216122
-0.023521
-0.0253574
-0.0270974
-0.0287159
-0.0301876
-0.0314875
-0.0325919
-0.0334785
-0.0341274
-0.0345218
-0.0346479
-0.0344962
-0.0340612
-0.0333419
-0.0323422
-0.031071
-0.0295417
-0.0277728
-0.0257873
-0.0236127
-0.0212801
-0.0188244
-0.0162832
-0.0136967
-0.0111065
-0.00855524
-0.00608565
-0.00373996
-0.00155895
0.000418722
0.00215732
0.00362472
0.00479308
0.00563947
0.00614633
0.00630198
0.00610093
0.00554416
0.00463919
0.00340019
0.00184783
9.10619e-06
-0.00208297
-0.0043898
-0.00686776
-0.00946875
-0.012141
-0.0148296
-0.017478
-0.0200279
-0.0224211
-0.0246
-0.0265087
-0.028094
-0.0293061
-0.0300999
-0.0304353
-0.0302786
-0.0296027
-0.028388
-0.0266226
-0.0243029
-0.0214341
-0.0180297
-0.0141121
-0.00971204
-0.0048688
0.000370557
0.00595156
0.0118129
0.0178873
0.0241022
0.0303807
0.0366426
0.0428057
0.0487864
0.0545012
0.0598678
0.0648062
0.0692399
0.0730969
0.076311
0.0788225
0.0805793
0.0815377
0.081663
0.0809302
0.0793246
0.076842
0.0734889
0.0692827
0.0642513
0.0584335
0.051878
0.0446435
0.0367976
0.0284162
0.019583
0.0103881
0.000927034
-0.00870002
-0.0183898
-0.0280368
-0.0375351
-0.046779
-0.0556646
-0.064091
-0.0719617
-0.0791855
-0.0856776
-0.0913608
-0.0961667
-0.100036
-0.102919
-0.104777
-0.105583
-0.105322
-0.103988
-0.10159
-0.0981463
-0.093689
-0.0882599
-0.0819119
-0.0747084
-0.0667218
-0.0580338
-0.0487332
-0.0389161
-0.0286841
-0.0181433
-0.00740334
0.003424
0.014226
0.0248904
0.0353061
0.0453652
0.0549634
0.0640017
0.072387
0.0800335
0.0868634
0.0928079
0.0978075
0.101813
0.104786
0.1067
0.107538
0.107296
0.105981
0.10361
0.100214
0.095833
0.0905167
0.0843254
0.0773282
0.0696021
0.0612316
0.0523075
0.0429259
0.0331871
0.0231946
0.0130536
0.00287041
-0.00724917
-0.0172009
-0.0268832
-0.0361984
-0.0450534
-0.0533614
-0.061042
-0.0680228
-0.0742397
-0.0796377
-0.0841716
-0.0878062
-0.0905171
-0.0922901
-0.0931224
-0.0930215
-0.0920056
-0.0901035
-0.0873537
-0.083804
-0.079511
-0.0745396
-0.0689614
-0.0628545
-0.0563022
-0.0493919
-0.0422138
-0.0348603
-0.0274242
-0.0199978
-0.0126715
-0.00553285
0.00133475
0.00785314
0.0139504
0.019562
0.0246311
0.0291103
0.0329612
0.0361556
0.0386759
0.0405149
0.0416762
0.0421743
0.042034
0.0412902
0.0399876
0.0381797
0.0359282
0.0333021
0.0303765
0.0272315
0.0239511
0.0206216
0.0173305
0.0141648
0.0112097
0.00854719
0.00625444
0.0044026
0.00305536
0.00226773
0.00208489
0.0025412
0.00365931
0.00544942
0.00790878
0.0110213
0.0147574
0.0190741
0.0239152
0.0292117
0.0348826
0.0408359
0.0469694
0.0531719
0.0593252
0.0653052
0.0709838
0.076231
0.0809163
0.0849116
0.0880925
0.0903407
0.0915464
0.0916097
0.0904431
0.0879731
0.0841419
0.0789092
0.072253
0.0641714
0.0546828
0.0438271
0.0316656
0.0182811
0.00377787
-0.0117193
-0.0280659
-0.0450987
-0.0626377
-0.0804875
-0.0984398
-0.116275
-0.133767
-0.150682
-0.166786
-0.181843
-0.195624
-0.207905
-0.218472
-0.227125
-0.233682
-0.237979
-0.239873
-0.239249
-0.236016
-0.230116
-0.221519
-0.210228
-0.19628
-0.179745
-0.160729
-0.139368
-0.115834
-0.0903284
-0.0630846
-0.0343624
-0.00444709
0.0263537
0.0577132
0.0892893
0.120728
0.151669
0.181748
0.210602
0.237874
0.263219
0.286305
0.30682
0.324477
0.339016
0.350209
0.357861
0.361819
0.361966
0.358233
0.350592
0.339062
0.323707
0.30464
0.282017
0.25604
0.226953
0.19504
0.160623
0.124058
0.0857304
0.0460531
0.0054587
-0.0356038
-0.0766745
-0.117288
-0.15698
-0.19529
-0.231773
-0.265997
-0.297556
-0.32607
-0.351192
-0.372613
-0.390065
-0.403324
-0.412215
-0.416614
-0.416448
-0.411698
-0.4024
-0.388643
-0.37057
-0.348373
-0.322297
-0.292632
-0.259711
-0.223907
-0.185628
-0.145311
-0.103419
-0.0604325
-0.016846
0.0268392
0.0701207
0.112502
0.153497
0.192638
0.22948
0.263607
0.294636
0.322223
0.346066
0.365909
0.381546
0.392822
0.399634
0.401934
0.399729
0.39308
0.382099
0.366951
0.347851
0.325056
0.298868
0.269626
0.237703
0.2035
0.167441
0.129967
0.0915319
0.0525948
0.0136149
-0.0249543
-0.0626709
-0.0991097
-0.133868
-0.16657
-0.19687
-0.22446
-0.249069
-0.270468
-0.288472
-0.30294
-0.31378
-0.320945
-0.324435
-0.324296
-0.320616
-0.313528
-0.303203
-0.289846
-0.273699
-0.255028
-0.234127
-0.211309
-0.186899
-0.161236
-0.134664
-0.107525
-0.0801597
-0.0528974
-0.026056
6.4445e-05
0.0251847
0.0490496
0.0714311
0.0921307
0.110981
0.127847
0.142628
0.155255
0.165696
0.173947
0.180038
0.18403
0.186008
0.186083
0.18439
0.181081
0.176323
0.170295
0.163185
0.155185
0.146487
0.137282
0.127753
0.118074
0.108407
0.0988989
0.0896782
0.0808552
0.0725189
0.0647366
0.0575531
0.0509905
0.0450487
0.0397058
0.0349199
0.03063
0.0267585
0.0232133
0.0198904
0.0166765
0.0134525
0.0100965
0.00648678
0.00250525
-0.00195933
-0.00700834
-0.0127303
-0.0191984
-0.0264676
-0.0345731
-0.0435281
-0.0533231
-0.0639241
-0.0752731
-0.0872873
-0.0998602
-0.112862
-0.126143
-0.139531
-0.152839
-0.165863
-0.178391
-0.190198
-0.201059
-0.210745
-0.219031
-0.225699
-0.230542
-0.233369
-0.234005
-0.232302
-0.228132
-0.221401
-0.212043
-0.200027
-0.185358
-0.168076
-0.14826
-0.126026
-0.101529
-0.0749562
-0.0465339
-0.0165188
0.0148018
0.0471137
0.0800794
0.113342
0.146529
0.179259
0.211145
0.241798
0.270836
0.297887
0.322592
0.344615
0.363646
0.379401
0.391633
0.400132
0.404731
0.405303
0.401772
0.394108
0.382328
0.366502
0.346747
0.32323
0.296162
0.2658
0.232443
0.196426
0.158122
0.117928
0.0762718
0.0335962
-0.0096396
-0.0529687
-0.0959215
-0.138032
-0.178843
-0.217912
-0.254817
-0.289164
-0.320586
-0.348753
-0.373374
-0.394202
-0.411033
-0.423714
-0.432138
-0.436253
-0.436054
-0.431589
-0.422956
-0.410299
-0.393808
-0.373718
-0.350301
-0.323864
-0.294748
-0.263316
-0.229957
-0.195073
-0.159076
-0.122384
-0.0854156
-0.048582
-0.0122837
0.0230949
0.0571903
0.0896644
0.120208
0.148545
0.174435
0.197675
0.218101
0.235593
0.25007
0.261493
0.269864
0.275226
0.27766
0.277281
0.274238
0.268711
0.260906
0.25105
0.23939
0.226187
0.21171
0.196237
0.180043
0.163401
0.146576
0.129823
0.11338
0.0974666
0.082281
0.0679973
0.0547634
0.0426993
0.0318961
0.0224155
0.0142892
0.00752024
0.0020829
-0.00207521
-0.00503166
-0.00688693
-0.00776183
-0.00779463
-0.00713794
-0.00595539
-0.00441811
-0.00270122
-0.00098025
0.000572433
0.00179102
0.00251956
0.00261501
0.00195007
0.000415627
-0.00207703
-0.0055945
-0.0101799
-0.0158518
-0.0226041
-0.0304054
-0.0392001
-0.0489086
-0.059429
-0.0706385
-0.0823956
-0.0945422
-0.106907
-0.119306
-0.13155
-0.143443
-0.154789
-0.165393
-0.175066
-0.183628
-0.190908
-0.196754
-0.201027
-0.203609
-0.204406
-0.203344
-0.200376
-0.19548
-0.188661
-0.179949
-0.169403
-0.157105
-0.143162
-0.127704
-0.110884
-0.0928708
-0.0738517
-0.0540276
-0.0336101
-0.0128185
0.00812265
0.0289878
0.0495529
0.0695988
0.0889144
0.107299
0.124567
0.140546
0.155085
0.168052
0.179336
0.18885
0.19653
0.202338
0.206259
0.208302
0.2085
0.206908
0.203603
0.198681
0.192255
0.184453
0.175418
0.1653
0.15426
0.142462
0.130073
0.117261
0.104188
0.0910139
0.0778881
0.0649515
0.052333
0.0401479
0.028497
0.017465
0.0071201
-0.00248616
-0.0113194
-0.0193618
-0.0266118
-0.0330828
-0.0388025
-0.0438109
-0.0481593
-0.0519079
-0.0551244
-0.0578811
-0.0602539
-0.062319
-0.0641515
-0.0658231
-0.0674001
-0.0689419
-0.0704988
-0.0721111
-0.0738078
-0.0756057
-0.0775088
-0.0795083
-0.0815822
-0.0836958
-0.0858027
-0.0878455
-0.0897568
-0.0914614
-0.0928774
-0.0939185
-0.0944962
-0.0945217
-0.0939084
-0.0925745
-0.0904451
-0.0874544
-0.0835482
-0.0786856
-0.072841
-0.0660058
-0.0581895
-0.0494207
-0.0397478
-0.0292396
-0.0179845
-0.00609067
0.00631504
0.0190885
0.0320698
0.0450853
0.05795
0.0704702
0.0824465
0.0936767
0.103959
0.113097
0.1209
0.127191
0.131805
0.134596
0.135441
0.134239
0.130916
0.125429
0.117764
0.107941
0.0960139
0.0820701
0.0662315
0.0486539
0.0295256
0.00906588
-0.0124769
-0.0348285
-0.0576915
-0.0807492
-0.10367
-0.12611
-0.147722
-0.168154
-0.187061
-0.204105
-0.218964
-0.231334
-0.240937
-0.247523
-0.250877
-0.250821
-0.247219
-0.239981
-0.229062
-0.21447
-0.196261
-0.174543
-0.149477
-0.121272
-0.0901882
-0.0565321
-0.0206535
0.0170571
0.0561739
0.0962398
0.136772
0.17727
0.217218
0.256093
0.293376
0.328552
0.36112
0.390604
0.416551
0.438548
0.456218
0.469233
0.477317
0.480249
0.47787
0.470082
0.456856
0.438228
0.414302
0.38525
0.351312
0.31279
0.27005
0.223514
0.173657
0.121003
0.0661174
0.00959892
-0.0479243
-0.105805
-0.163382
-0.219994
-0.274981
-0.327696
-0.377516
-0.423845
-0.466124
-0.50384
-0.53653
-0.563789
-0.585275
-0.600713
-0.609899
-0.612706
-0.609081
-0.599049
-0.582711
-0.560248
-0.531912
-0.498027
-0.458984
-0.41524
-0.367304
-0.315739
-0.261149
-0.204177
-0.145491
-0.0857801
-0.025742
0.0339225
0.0925203
0.149374
0.203833
0.255275
0.303124
0.346848
0.385971
0.420079
0.44882
0.471917
0.489161
0.500421
0.505645
0.504853
0.498146
0.485697
0.467751
0.444624
0.416692
0.384392
0.348212
0.308686
0.266386
0.221913
0.175891
0.128959
0.0817584
0.0349282
-0.0109051
-0.0551354
-0.0971852
-0.136513
-0.172621
-0.205059
-0.233435
-0.257415
-0.276729
-0.291177
-0.300627
-0.305016
-0.304357
-0.298729
-0.288283
-0.273237
-0.253868
-0.230518
-0.203577
-0.173488
-0.140732
-0.105826
-0.0693162
-0.0317663
0.006247
0.0441431
0.0813458
0.117291
0.151433
0.183257
0.212277
0.238053
0.260188
0.278339
0.292217
0.301597
0.306315
0.30627
0.301432
0.291833
0.277575
0.258821
0.235798
0.208792
0.178143
0.144242
0.107523
0.0684625
0.0275663
-0.0146326
-0.0575827
-0.100721
-0.143482
-0.185301
-0.225626
-0.263925
-0.299687
-0.332435
-0.361731
-0.387177
-0.408426
-0.425184
-0.437211
-0.444327
-0.446416
-0.443422
-0.435352
-0.422279
-0.404334
-0.381711
-0.354659
-0.323483
-0.288538
-0.250221
-0.208975
-0.165272
-0.119616
-0.0725317
-0.0245612
0.023746
0.0718375
0.119166
0.165193
0.209402
0.251296
0.29041
0.326313
0.358615
0.386969
0.411076
0.430691
0.44562
0.455727
0.460932
0.461211
0.456601
0.447192
0.433129
0.414612
0.391889
0.365253
0.335043
0.301632
0.265428
0.226868
0.186411
0.144532
0.101718
0.0584634
0.0152596
-0.0274067
-0.0690606
-0.109244
-0.147521
-0.183484
-0.216754
-0.246989
-0.273887
-0.297185
-0.316668
-0.332165
-0.343554
-0.350761
-0.353761
-0.352578
-0.347285
-0.338
-0.324884
-0.308145
-0.288024
-0.264803
-0.238795
-0.210339
-0.179802
-0.147567
-0.114036
-0.0796182
-0.0447296
-0.00978688
0.0247971
0.0586182
0.0912855
0.122425
0.151685
0.178738
0.203286
0.225061
0.243833
0.259403
0.271617
0.280355
0.285542
0.287141
0.28516
0.279644
0.27068
0.258394
0.242948
0.224539
0.203395
0.179776
0.153967
0.126275
0.0970279
0.0665687
0.0352519
0.00343961
-0.0285022
-0.0602082
-0.0913176
-0.121478
-0.150349
-0.177607
-0.202948
-0.226088
-0.246773
-0.264773
-0.279893
-0.291967
-0.300866
-0.306495
-0.308795
-0.307747
-0.303366
-0.295704
-0.28485
-0.270928
-0.254094
-0.234537
-0.212473
-0.188147
-0.161826
-0.1338
-0.104376
-0.0738732
-0.0426243
-0.0109675
0.0207557
0.0522043
0.0830415
0.112939
0.141579
0.16866
0.193899
0.217034
0.237826
0.256065
0.27157
0.284188
0.293803
0.300329
0.303717
0.303952
0.301054
0.295078
0.286113
0.27428
0.259732
0.242652
0.223248
0.201755
0.17843
0.153547
0.127398
0.100285
0.0725205
0.0444217
0.0163074
-0.0115059
-0.0387075
-0.0649961
-0.0900833
-0.113696
-0.135583
-0.155511
-0.173274
-0.188693
-0.201617
-0.211927
-0.219533
-0.224381
-0.226447
-0.225742
-0.222311
-0.216228
-0.207601
-0.196566
-0.183289
-0.167958
-0.150788
-0.132013
-0.111885
-0.0906698
-0.0686457
-0.0460978
-0.0233162
-0.000591226
0.0217891
0.0435434
0.0643995
0.0840985
0.102397
0.119072
0.133919
0.14676
0.157442
0.16584
0.171857
0.175428
0.176516
0.175118
0.171259
0.164997
0.156417
0.145634
0.132789
0.118049
0.101602
0.083658
0.0644439
0.0442013
0.0231838
0.00165352
-0.0201218
-0.0418725
-0.0633298
-0.0842294
-0.104315
-0.123339
-0.14107
-0.15729
-0.171802
-0.184429
-0.195016
-0.203434
-0.20958
-0.213375
-0.214772
-0.21375
-0.210315
-0.204504
-0.196379
-0.186028
-0.173565
-0.159128
-0.142877
-0.12499
-0.105665
-0.0851124
-0.0635575
-0.0412347
-0.0183856
0.00474379
0.0279058
0.050854
0.073346
0.0951461
0.116028
0.135776
0.15419
0.171084
0.186291
0.199664
0.211075
0.220419
0.227614
0.232601
0.235345
0.235835
0.234082
0.230124
0.224017
0.215842
0.205698
0.193705
0.18
0.164735
0.148078
0.130207
0.111311
0.0915881
0.0712407
0.0504758
0.0295016
0.00852602
-0.0122459
-0.0326138
-0.0523838
-0.0713706
-0.0893992
-0.106306
-0.121941
-0.136169
-0.14887
-0.15994
-0.169294
-0.176863
-0.182597
-0.186467
-0.188458
-0.188578
-0.18685
-0.183317
-0.178038
-0.171088
-0.162559
-0.152555
-0.141196
-0.128612
-0.114945
-0.100344
-0.0849688
-0.0689823
-0.0525536
-0.0358542
-0.0190569
-0.00233378
0.0141449
0.0302128
0.0457088
0.0604785
0.074376
0.087265
0.0990199
0.109527
0.118688
0.126415
0.132637
0.137301
0.140366
0.14181
0.141629
0.139832
0.13645
0.131526
0.125122
0.117315
0.108196
0.0978714
0.0864588
0.0740887
0.0609017
0.0470474
0.0326826
0.0179698
0.00307558
-0.0118314
-0.0265822
-0.0410093
-0.0549488
-0.0682422
-0.0807378
-0.0922933
-0.102777
-0.112069
-0.120063
-0.126668
-0.131811
-0.135434
-0.137496
-0.137979
-0.136879
-0.134216
-0.130025
-0.124362
-0.117302
-0.108935
-0.0993694
-0.0887286
-0.0771493
-0.0647805
-0.0517814
-0.0383196
-0.0245689
-0.0107069
0.00308713
0.0166348
0.0297608
0.0422954
0.0540769
0.0649536
0.0747866
0.0834508
0.0908379
0.0968572
0.101437
0.104528
0.1061
0.106145
0.10468
0.101741
0.0973892
0.0917051
0.0847905
0.0767666
0.0677719
0.0579612
0.0475027
0.0365762
0.0253703
0.01408
0.00290341
-0.00796093
-0.018317
-0.0279745
-0.0367516
-0.0444781
-0.0509979
-0.056172
-0.0598805
-0.0620252
-0.0625311
-0.0613485
-0.0584535
-0.0538495
-0.0475675
-0.0396661
-0.0302313
-0.0193757
-0.0072374
0.00602158
0.0202172
0.0351456
0.050586
0.0663032
0.0820509
0.0975756
0.112619
0.126924
0.140235
0.152305
0.162897
0.171791
0.178782
0.183688
0.186354
0.186647
0.18447
0.179754
0.172464
0.162601
0.150199
0.135331
0.118103
0.0986549
0.0771608
0.053826
0.0288845
0.0025965
-0.0247544
-0.0528653
-0.0814174
-0.11008
-0.138516
-0.166384
-0.193345
-0.219068
-0.243229
-0.265523
-0.285663
-0.303386
-0.318456
-0.330668
-0.33985
-0.345869
-0.348628
-0.348069
-0.344178
-0.33698
-0.326541
-0.312967
-0.296406
-0.277039
-0.255084
-0.23079
-0.204434
-0.176317
-0.146762
-0.116107
-0.0846988
-0.0528941
-0.0210488
0.0104843
0.0413611
0.0712509
0.0998405
0.126839
0.151983
0.175036
0.195798
0.2141
0.229813
0.242848
0.253153
0.260718
0.265571
0.267781
0.267451
0.26472
0.259761
0.252773
0.243982
0.233635
0.221994
0.209336
0.195943
0.182101
0.16809
0.154187
0.140654
0.127736
0.115656
0.104615
0.0947823
0.0862966
0.0792626
0.0737488
0.0697866
0.0673695
0.0664531
0.0669562
0.0687616
0.0717188
0.075646
0.0803337
0.0855486
0.0910372
0.096531
0.101751
0.106414
0.110236
0.112939
0.114257
0.11394
0.111761
0.107517
0.101038
0.0921888
0.0808738
0.0670382
0.0506714
0.0318086
0.0105316
-0.0130309
-0.0387045
-0.0662696
-0.0954646
-0.125988
-0.157502
-0.189637
-0.221998
-0.254168
-0.285713
-0.316191
-0.345159
-0.372175
-0.39681
-0.418651
-0.437313
-0.452438
-0.463706
-0.470841
-0.473613
-0.471846
-0.465418
-0.454269
-0.438397
-0.417864
-0.392796
-0.363382
-0.329868
-0.292564
-0.251833
-0.208089
-0.161792
-0.113446
-0.0635855
-0.0127743
0.0384043
0.0893548
0.139478
0.188178
0.234873
0.279002
0.320031
0.357465
0.39085
0.419785
0.443924
0.462984
0.476746
0.485062
0.487856
0.485125
0.476939
0.463445
0.444856
0.421459
0.393602
0.361696
0.326205
0.287642
0.246561
0.203547
0.159213
0.114187
0.0691012
0.0245893
-0.018728
-0.0602504
-0.0994062
-0.135661
-0.168527
-0.197566
-0.2224
-0.242717
-0.25827
-0.268888
-0.274472
-0.275
-0.270527
-0.261183
-0.247172
-0.228767
-0.206307
-0.180194
-0.150881
-0.118872
-0.0847085
-0.0489644
-0.0122363
0.0248657
0.0617272
0.0977393
0.132308
0.164861
0.194862
0.221813
0.245265
0.264824
0.280158
0.291
0.297157
0.298505
0.294997
0.286663
0.273607
0.256007
0.234111
0.208234
0.178753
0.1461
0.110757
0.0732447
0.0341191
-0.0060414
-0.0466434
-0.0870881
-0.126781
-0.165141
-0.20161
-0.235662
-0.266811
-0.294618
-0.318699
-0.338731
-0.354458
-0.365691
-0.372316
-0.374292
-0.371652
-0.364506
-0.353033
-0.337482
-0.318166
-0.295457
-0.269782
-0.24161
-0.211449
-0.179838
-0.147332
-0.114498
-0.081903
-0.0501057
-0.0196448
0.008969
0.0352623
0.0588069
0.079228
0.0962102
0.109504
0.11893
0.124382
0.125831
0.123323
0.116982
0.107006
0.0936661
0.0773003
0.0583092
0.0371493
0.0143254
-0.00961785
-0.0341052
-0.0585405
-0.0823172
-0.104829
-0.125481
-0.143698
-0.15894
-0.170708
-0.178554
-0.182092
-0.181003
-0.175047
-0.16406
-0.147969
-0.126787
-0.100619
-0.0696583
-0.034191
0.00541178
0.0486958
0.0951301
0.144114
0.194984
0.247025
0.299482
0.351565
0.40247
0.451384
0.497502
0.540036
0.578235
0.611387
0.638842
0.660015
0.6744
0.681579
0.681232
0.67314
0.657191
0.633387
0.601842
0.562787
0.516562
0.463618
0.404511
0.339893
0.270507
0.197173
0.120783
0.0422826
-0.0373404
-0.117068
-0.195871
-0.27272
-0.346604
-0.416543
-0.481607
-0.540928
-0.593714
-0.63926
-0.676964
-0.706335
-0.726999
-0.738712
-0.741359
-0.734959
-0.719669
-0.69578
-0.663714
-0.624019
-0.577365
-0.524528
-0.466387
-0.403907
-0.338124
-0.270133
-0.201069
-0.132091
-0.0643624
0.000964962
0.0627709
0.119984
0.171601
0.216699
0.254459
0.284171
0.305256
0.317271
0.319919
0.313059
0.296708
0.271046
0.236412
0.193307
0.142385
0.0844446
0.0204246
-0.0486126
-0.121494
-0.19695
-0.273636
-0.350149
-0.425047
-0.496874
-0.564178
-0.625538
-0.679582
-0.72501
-0.760618
-0.785314
-0.798143
-0.798297
-0.785137
-0.758204
-0.717229
-0.662143
-0.593083
-0.510393
-0.414628
-0.306547
-0.187108
-0.0574601
0.0810669
0.22698
0.378637
0.534269
0.691998
0.849865
1.00585
1.1579
1.30396
1.44199
1.57
1.68609
1.78845
1.87539
1.94541
1.99714
2.02944
2.04137
2.03224
2.00158
1.94918
1.8751
1.77967
1.66346
1.52731
1.37233
1.19985
1.01144
0.808882
0.594145
0.369374
0.136858
-0.100995
-0.341686
-0.582656
-0.821317
-1.05508
-1.28139
-1.49777
-1.70181
-1.89124
-2.06396
-2.21803
-2.3517
-2.46348
-2.5521
-2.61656
-2.65612
-2.67034
-2.65906
-2.6224
-2.56078
-2.47489
-2.36572
-2.23448
-2.08267
-1.91197
-1.72432
-1.5218
-1.30666
-1.08127
-0.848126
-0.609757
-0.368748
-0.127683
0.110877
0.344432
0.570566
0.786981
0.991521
1.1822
1.35721
1.51497
1.65412
1.77353
1.87234
1.94994
2.00597
2.04036
2.05327
2.04513
2.01662
1.96864
1.90231
1.81895
1.72004
1.60725
1.48235
1.34723
1.20384
1.05421
0.900373
0.744357
0.588167
0.43375
0.28297
0.137584
-0.00077474
-0.13062
-0.250627
-0.359652
-0.456735
-0.541119
-0.612246
-0.669769
-0.713545
-0.743634
-0.760297
-0.763982
-0.755314
-0.735087
-0.70424
-0.663845
-0.615088
-0.559246
-0.497666
-0.431746
-0.362909
-0.292582
-0.222175
-0.153058
-0.0865422
-0.0238595
0.0338548
0.0855777
0.130413
0.167601
0.196532
0.21675
0.227959
0.230025
0.222974
0.206992
0.182418
0.149737
0.10957
0.0626644
0.00987625
-0.04784
-0.10945
-0.173857
-0.239918
-0.306464
-0.37232
-0.436318
-0.497324
-0.554246
-0.606059
-0.651816
-0.690662
-0.72185
-0.744748
-0.758854
-0.763794
-0.759334
-0.745384
-0.721991
-0.689344
-0.64777
-0.597725
-0.53979
-0.474658
-0.403128
-0.326088
-0.244504
-0.159406
-0.0718674
0.0170029
0.106083
0.194254
0.28041
0.363484
0.442454
0.516361
0.584323
0.645545
0.69933
0.745089
0.782346
0.810746
0.830058
0.840173
0.84111
0.833011
0.816136
0.79086
0.757664
0.717129
0.669924
0.616795
0.558554
0.496066
0.430238
0.361998
0.29229
0.222055
0.152219
0.0836781
0.0172893
-0.0461439
-0.105881
-0.161254
-0.211677
-0.256649
-0.295766
-0.328718
-0.355296
-0.37539
-0.388991
-0.396186
-0.397156
-0.392171
-0.381581
-0.365812
-0.345358
-0.320766
-0.292632
-0.261589
-0.228294
-0.193417
-0.157635
-0.121613
-0.0860004
-0.0514181
-0.0184487
0.012371
0.040558
0.0656899
0.08741
0.105432
0.119542
0.129603
0.135552
0.137401
0.135235
0.12921
0.119545
0.106523
0.0904773
0.0717909
0.0508855
0.0282146
0.00425459
-0.0205039
-0.0455647
-0.0704354
-0.0946351
-0.117703
-0.139208
-0.15875
-0.175975
-0.190574
-0.202288
-0.210918
-0.216318
-0.218406
-0.21716
-0.212616
-0.20487
-0.194075
-0.180436
-0.164205
-0.145681
-0.125198
-0.103121
-0.0798408
-0.0557645
-0.0313092
-0.00689447
0.0170656
0.0401692
0.0620344
0.0823052
0.100658
0.116807
0.130508
0.141565
0.149831
0.15521
0.15766
0.157193
0.153873
0.147816
0.139188
0.128199
0.115103
0.100189
0.0837787
0.0662201
0.0478799
0.029138
0.0103799
-0.0080096
-0.0256539
-0.0421909
-0.0572796
-0.0706066
-0.081891
-0.0908899
-0.0974029
-0.101275
-0.102401
-0.100725
-0.0962434
-0.0890054
-0.0791106
-0.0667086
-0.0519963
-0.0352145
-0.016644
0.00339919
0.0245691
0.0464958
0.0687917
0.0910581
0.112892
0.133893
0.15367
0.171849
0.188078
0.202034
0.21343
0.222017
0.227591
0.229996
0.229128
0.224934
0.217417
0.206636
0.1927
0.175776
0.156077
0.133868
0.109452
0.0831756
0.0554161
0.0265791
-0.00290884
-0.0326066
-0.0620658
-0.0908378
-0.118481
-0.144568
-0.168693
-0.190477
-0.209574
-0.225681
-0.238537
-0.247929
-0.253701
-0.255749
-0.254027
-0.248549
-0.239387
-0.226671
-0.210586
-0.191372
-0.169319
-0.144763
-0.11808
-0.0896819
-0.0600096
-0.0295262
0.00129004
0.0319527
0.0619751
0.0908774
0.118194
0.143483
0.166327
0.186348
0.203206
0.21661
0.226319
0.232145
0.233961
0.231699
0.225354
0.21498
0.200695
0.182675
0.161156
0.136425
0.108821
0.0787269
0.0465672
0.0127982
-0.0220964
-0.0576131
-0.0932359
-0.128444
-0.162719
-0.195553
-0.226456
-0.254961
-0.280637
-0.303085
-0.321955
-0.336942
-0.347796
-0.354323
-0.35639
-0.353923
-0.346913
-0.335412
-0.319532
-0.29945
-0.275395
-0.247653
-0.21656
-0.182495
-0.145878
-0.107163
-0.0668301
-0.0253801
0.0166731
0.0588095
0.10051
0.141265
0.180579
0.217978
0.253019
0.285291
0.314423
0.340089
0.362011
0.379963
0.393771
0.403321
0.408552
0.409463
0.406106
0.398591
0.387078
0.371776
0.352943
0.330874
0.305903
0.278396
0.248744
0.217355
0.184654
0.151073
0.117044
0.0829938
0.0493395
0.0164807
-0.0152046
-0.0453654
-0.0736821
-0.0998701
-0.123683
-0.144917
-0.16341
-0.179044
-0.191747
-0.201491
-0.208295
-0.212216
-0.213357
-0.211854
-0.207882
-0.201645
-0.193376
-0.18333
-0.17178
-0.159013
-0.145325
-0.131016
-0.116383
-0.101719
-0.0873049
-0.0734079
-0.0602754
-0.0481326
-0.0371788
-0.027585
-0.0194916
-0.0130065
-0.00820441
-0.00512596
-0.00377781
-0.00413326
-0.00613325
-0.00968803
-0.0146791
-0.020962
-0.0283686
-0.0367109
-0.0457842
-0.055371
-0.0652444
-0.0751725
-0.0849223
-0.0942631
-0.102971
-0.110833
-0.117647
-0.123232
-0.127422
-0.130077
-0.13108
-0.130339
-0.12779
-0.123398
-0.117155
-0.109084
-0.0992339
-0.0876815
-0.0745296
-0.0599051
-0.0439571
-0.0268545
-0.00878353
0.0100551
0.0294494
0.0491787
0.0690172
0.0887372
0.108112
0.126919
0.144944
0.16198
0.177835
0.192333
0.205311
0.21663
0.226166
0.233822
0.239521
0.243208
0.244852
0.244448
0.242009
0.237573
0.231199
0.222965
0.212966
0.201317
0.188144
0.173588
0.157801
0.140943
0.12318
0.104683
0.0856269
0.0661843
0.046528
0.0268271
0.0072457
-0.0120584
-0.0309353
-0.0492439
-0.066853
-0.0836419
-0.0995013
-0.114333
-0.128052
-0.140583
-0.151864
-0.161844
-0.170483
-0.177754
-0.183637
-0.188124
-0.191214
-0.192918
-0.19325
-0.192236
-0.189906
-0.186296
-0.18145
-0.175413
-0.168238
-0.159983
-0.150707
-0.140476
-0.129359
-0.117428
-0.10476
-0.0914363
-0.0775403
-0.0631606
-0.0483894
-0.0333228
-0.0180605
-0.00270618
0.0126331
0.0278471
0.0428227
0.0574445
0.0715954
0.0851571
0.0980113
0.11004
0.121129
0.131163
0.140035
0.147641
0.153885
0.15868
0.161947
0.163619
0.163642
0.161975
0.158594
0.153487
0.146665
0.138153
0.127996
0.116258
0.103023
0.088393
0.0724895
0.0554525
0.0374392
0.0186233
-0.000806896
-0.0206497
-0.0406923
-0.0607129
-0.080483
-0.09977
-0.11834
-0.135961
-0.152405
-0.167451
-0.18089
-0.192525
-0.202176
-0.209681
-0.214903
-0.217724
-0.218056
-0.215837
-0.211036
-0.203649
-0.193709
-0.181275
-0.166442
-0.149332
-0.130102
-0.108934
-0.0860391
-0.0616524
-0.0360322
-0.00945607
0.0177819
0.0453748
0.0730064
0.100355
0.127098
0.152914
0.177492
0.200528
0.221734
0.240844
0.25761
0.271812
0.28326
0.291793
0.297286
0.29965
0.298832
0.294819
0.287635
0.277344
0.264048
0.247884
0.229028
0.207686
0.184098
0.158528
0.131266
0.102626
0.0729332
0.0425295
0.0117633
-0.0190129
-0.0494475
-0.0791945
-0.107917
-0.135294
-0.161021
-0.184816
-0.206424
-0.225617
-0.242201
-0.256014
-0.266931
-0.274865
-0.279764
-0.281618
-0.280455
-0.276337
-0.269366
-0.259677
-0.247436
-0.232841
-0.216115
-0.197505
-0.177276
-0.155709
-0.133099
-0.109745
-0.0859515
-0.0620196
-0.0382468
-0.0149207
0.00768441
0.0293109
0.0497211
0.0687006
0.0860603
0.101639
0.115305
0.126956
0.136523
0.143967
0.149281
0.152489
0.153645
0.152828
0.150147
0.145732
0.139734
0.132323
0.123683
0.11401
0.103508
0.0923857
0.0808515
0.0691124
0.0573695
0.0458148
0.0346282
0.0239752
0.0140042
0.00484445
-0.00339544
-0.0106289
-0.0167923
-0.0218454
-0.0257713
-0.0285761
-0.0302882
-0.030957
-0.0306514
-0.0294581
-0.0274791
-0.0248296
-0.0216355
-0.01803
-0.0141514
-0.0101399
-0.00613452
-0.00227052
0.00132364
0.0045288
0.00723756
0.00935644
0.0108078
0.0115314
0.0114858
0.0106487
0.0090183
0.00661253
0.0034693
-0.000354402
-0.00478353
-0.00972639
-0.0150764
-0.0207142
-0.0265099
-0.0323256
-0.0380183
-0.0434423
-0.0484529
-0.0529085
-0.0566743
-0.0596245
-0.0616455
-0.0626382
-0.0625203
-0.0612285
-0.05872
-0.0549741
-0.0499929
-0.0438021
-0.0364513
-0.0280133
-0.0185839
-0.00828055
0.00275903
0.0143788
0.0264068
0.0386572
0.0509337
0.0630324
0.0747452
0.0858628
0.096179
0.105493
0.113615
0.120368
0.125589
0.129138
0.130894
0.130764
0.12868
0.124601
0.11852
0.110456
0.100464
0.0886265
0.0750579
0.0599019
0.0433297
0.0255387
0.00674917
-0.0127979
-0.0328444
-0.0531188
-0.0733397
-0.0932197
-0.11247
-0.130805
-0.147946
-0.163625
-0.177589
-0.189607
-0.199468
-0.206989
-0.212018
-0.214433
-0.214148
-0.211114
-0.205318
-0.196786
-0.185583
-0.171811
-0.155611
-0.137157
-0.116659
-0.0943544
-0.0705121
-0.0454234
-0.0194002
0.00722895
0.034124
0.0609376
0.0873203
0.112925
0.137412
0.160453
0.181739
0.20098
0.217912
0.2323
0.243943
0.252673
0.258363
0.260923
0.260308
0.256511
0.24957
0.239565
0.226616
0.210882
0.192559
0.171879
0.149104
0.124525
0.0984548
0.0712275
0.0431911
0.0147037
-0.0138711
-0.0421701
-0.0698347
-0.096516
-0.12188
-0.145611
-0.167417
-0.187033
-0.204226
-0.218795
-0.230575
-0.23944
-0.245305
-0.248123
-0.24789
-0.244642
-0.238455
-0.229442
-0.217755
-0.203578
-0.187126
-0.168644
-0.148399
-0.126678
-0.103786
-0.0800368
-0.0557526
-0.0312574
-0.00687277
0.0170864
0.0403165
0.0625293
0.0834556
0.102849
0.120489
0.136184
0.149773
0.161127
0.170153
0.17679
0.181014
0.182836
0.182299
0.179479
0.174486
0.167454
0.158546
0.147949
0.135867
0.122522
0.108149
0.0929925
0.0773003
0.0613225
0.0453062
0.029492
0.0141105
-0.000621095
-0.0145023
-0.0273518
-0.0390102
-0.0493418
-0.0582366
-0.0656112
-0.0714096
-0.0756037
-0.0781932
-0.0792047
-0.0786911
-0.0767298
-0.0734214
-0.068887
-0.0632663
-0.0567147
-0.0494003
-0.0415009
-0.0332008
-0.0246877
-0.0161492
-0.00776975
0.000272481
0.00780865
0.014682
0.0207502
0.0258882
0.0299892
0.0329675
0.0347585
0.0353208
0.0346358
0.0327082
0.0295657
0.0252583
0.0198575
0.0134545
0.006159
-0.00190315
-0.0105919
-0.0197555
-0.0292332
-0.0388579
-0.048459
-0.0578651
-0.0669071
-0.0754208
-0.0832495
-0.090247
-0.0962792
-0.101227
-0.104987
-0.107476
-0.108627
-0.108396
-0.10676
-0.103714
-0.0992794
-0.093494
-0.0864179
-0.0781299
-0.0687264
-0.0583202
-0.0470383
-0.0350199
-0.0224145
-0.00937929
0.00392342
0.0173284
0.0306703
0.0437858
0.0565163
0.0687103
0.0802251
0.0909296
0.100705
0.109448
0.117069
0.123498
0.12868
0.13258
0.13518
0.136479
0.136497
0.135267
0.132839
0.129281
0.124669
0.119095
0.112657
0.105466
0.0976343
0.0892809
0.080526
0.0714896
0.06229
0.0530413
0.0438518
0.0348227
0.0260459
0.0176037
0.00956673
0.00199395
-0.0050684
-0.0115869
-0.0175413
-0.0229239
-0.0277396
-0.0320049
-0.0357473
-0.0390041
-0.0418211
-0.0442512
-0.0463531
-0.0481896
-0.0498257
-0.0513271
-0.0527585
-0.0541818
-0.0556547
-0.0572289
-0.0589491
-0.0608515
-0.0629626
-0.0652988
-0.0678655
-0.0706566
-0.0736544
-0.0768298
-0.0801425
-0.0835413
-0.0869652
-0.0903445
-0.0936015
-0.0966522
-0.0994077
-0.101776
-0.103664
-0.104978
-0.105628
-0.105527
-0.104595
-0.102759
-0.0999557
-0.0961337
-0.0912534
-0.0852895
-0.0782315
-0.0700845
-0.0608703
-0.0506273
-0.0394104
-0.0272915
-0.0143586
-0.000714757
0.0135221
0.0282212
0.0432397
0.0584251
0.0736165
0.0886468
0.103345
0.117539
0.131056
0.143728
0.15539
0.165887
0.175073
0.182814
0.188991
0.193499
0.196254
0.197187
0.196252
0.193425
0.1887
0.182097
0.173656
0.16344
0.151532
0.138038
0.123081
0.106803
0.0893638
0.0709351
0.051703
0.0318636
0.0116208
-0.00881575
-0.0292335
-0.0494195
-0.0691627
-0.088257
-0.106503
-0.123711
-0.139704
-0.154317
-0.167401
-0.178825
-0.188478
-0.196266
-0.202119
-0.205987
-0.20784
-0.207675
-0.205507
-0.201374
-0.195334
-0.187465
-0.177865
-0.166648
-0.153944
-0.139896
-0.124662
-0.108406
-0.0913036
-0.0735348
-0.0552835
-0.0367353
-0.0180753
0.00051376
0.0188538
0.036773
0.0541075
0.0707033
0.0864173
0.101119
0.11469
0.127028
0.138045
0.147667
0.155836
0.162512
0.167668
0.171292
0.173388
0.173975
0.173083
0.170756
0.16705
0.162029
0.155771
0.148357
0.139878
0.130431
0.120117
0.10904
0.0973063
0.0850244
0.0723025
0.0592481
0.0459672
0.0325634
0.0191373
0.00578575
-0.00739843
-0.0203271
-0.0329171
-0.0450903
-0.0567741
-0.0679013
-0.0784105
-0.0882455
-0.0973559
-0.105697
-0.113229
-0.119917
-0.125733
-0.130652
-0.134656
-0.13773
-0.139865
-0.141057
-0.141305
-0.140614
-0.138993
-0.136458
-0.133027
-0.128723
-0.123576
-0.117618
-0.110888
-0.103429
-0.0952894
-0.0865223
-0.0771852
-0.0673405
-0.0570551
-0.0463999
-0.0354499
-0.0242834
-0.0129818
-0.00162922
0.00968849
0.0208841
0.0318697
0.0425578
0.0528616
0.0626965
0.0719804
0.080635
0.0885864
0.0957663
0.102113
0.107571
0.112094
0.115644
0.118193
0.11972
0.120219
0.11969
0.118148
0.115616
0.11213
0.107734
0.102484
0.096447
0.0896967
0.0823162
0.0743958
0.0660324
0.0573275
0.0483868
0.0393184
0.0302317
0.0212354
0.0124368
0.00393966
-0.00415696
-0.01176
-0.0187841
-0.0251524
-0.030798
-0.0356649
-0.0397088
-0.0428981
-0.0452138
-0.0466506
-0.0472166
-0.0469333
-0.0458356
-0.0439711
-0.0413993
-0.0381914
-0.0344284
-0.0302007
-0.0256063
-0.0207494
-0.0157388
-0.0106863
-0.00570493
-0.000906916
0.00359781
0.00770359
0.0113108
0.0143273
0.0166707
0.0182687
0.0190617
0.0190029
0.0180599
0.0162152
0.0134667
0.0098282
0.00532936
1.54688e-05
-0.00605294
-0.0128007
-0.0201391
-0.0279667
-0.036171
-0.0446296
-0.0532124
-0.061783
-0.0702009
-0.0783233
-0.0860078
-0.0931138
-0.0995054
-0.105053
-0.109635
-0.113142
-0.115475
-0.116549
-0.116298
-0.114667
-0.111625
-0.107155
-0.101262
-0.0939696
-0.085321
-0.075379
-0.0642252
-0.0519588
-0.0386964
-0.0245698
-0.00972499
0.00568001
0.0214768
0.037489
0.0535342
0.0694266
0.0849793
0.100007
0.114328
0.127767
0.140157
0.151342
0.16118
0.169543
0.176318
0.181414
0.184757
0.186292
0.185989
0.183837
0.179848
0.174055
0.166514
0.157299
0.146505
0.134247
0.120655
0.105875
0.0900667
0.0734005
0.0560567
0.0382224
0.0200891
0.00185057
-0.0162997
-0.0341708
-0.0515769
-0.0683393
-0.0842885
-0.0992664
-0.113128
-0.125743
-0.136996
-0.146791
-0.155048
-0.161707
-0.166726
-0.170083
-0.171775
-0.171817
-0.170242
-0.167101
-0.162462
-0.156404
-0.149024
-0.140427
-0.130732
-0.120063
-0.108553
-0.0963379
-0.0835578
-0.0703531
-0.0568639
-0.0432275
-0.0295773
-0.0160411
-0.00273974
0.0102139
0.0227162
0.0346735
0.0460025
0.0566311
0.0664988
0.0755559
0.0837645
0.0910976
0.0975386
0.103081
0.107728
0.111489
0.114386
0.116441
0.117687
0.118157
0.117892
0.116932
0.115318
0.113093
0.110299
0.106977
0.103166
0.0988998
0.0942131
0.0891351
0.0836917
0.0779056
0.0717959
0.0653785
0.0586665
0.0516707
0.0444
0.0368619
0.0290638
0.0210133
0.0127188
0.004191
-0.00455708
-0.0135088
-0.0226435
-0.0319358
-0.0413547
-0.0508638
-0.0604205
-0.0699758
-0.0794746
-0.0888552
-0.0980503
-0.106987
-0.115586
-0.123766
-0.131441
-0.138521
-0.144918
-0.15054
-0.155298
-0.159105
-0.161878
-0.163538
-0.164016
-0.163246
-0.161174
-0.157757
-0.152964
-0.146774
-0.139182
-0.130198
-0.119846
-0.108166
-0.0952119
-0.0810558
-0.0657838
-0.0494974
-0.0323123
-0.0143577
0.00422489
0.0232828
0.0426537
0.0621673
0.0816469
0.100912
0.119778
0.138062
0.155582
0.172159
0.187621
0.201805
0.214555
0.225729
0.235198
0.24285
0.248587
0.25233
0.25402
0.253617
0.251102
0.246477
0.239764
0.231007
0.220269
0.207635
0.193206
0.177104
0.159465
0.140441
0.120198
0.0989137
0.0767737
0.0539726
0.0307102
0.00718981
-0.0163843
-0.0398086
-0.0628829
-0.0854118
-0.107207
-0.12809
-0.147891
-0.166454
-0.183636
-0.199309
-0.213361
-0.225695
-0.236234
-0.244916
-0.251698
-0.256554
-0.259476
-0.260473
-0.259571
-0.25681
-0.252247
-0.245951
-0.238005
-0.228502
-0.217547
-0.205252
-0.191737
-0.177128
-0.161556
-0.145153
-0.128056
-0.1104
-0.0923216
-0.0739535
-0.0554268
-0.0368687
-0.018402
-0.000144059
0.0177935
0.0353053
0.0522928
0.0686644
0.0843357
0.0992296
0.113276
0.126413
0.138585
0.149743
0.159846
0.16886
0.176755
0.183509
0.189107
0.193537
0.196795
0.19888
0.199798
0.199559
0.198179
0.195679
0.192083
0.187422
0.181729
0.175047
0.167418
0.158892
0.149525
0.139374
0.128505
0.116986
0.10489
0.092296
0.0792851
0.0659432
0.0523594
0.0386258
0.0248366
0.0110879
-0.00252314
-0.0158993
-0.0289439
-0.0415619
-0.0536604
-0.0651505
-0.0759471
-0.0859712
-0.0951497
-0.103417
-0.110717
-0.117001
-0.122231
-0.12638
-0.129432
-0.131383
-0.13224
-0.132024
-0.130768
-0.128514
-0.125318
-0.121249
-0.116382
-0.110805
-0.104613
-0.0979081
-0.0907999
-0.0834008
-0.0758268
-0.0681949
-0.0606218
-0.0532218
-0.0461052
-0.0393762
-0.0331317
-0.0274593
-0.0224357
-0.0181256
-0.01458
-0.0118354
-0.00991295
-0.00881752
-0.00853752
-0.00904467
-0.0102941
-0.0122246
-0.0147596
-0.0178078
-0.0212643
-0.0250125
-0.0289253
-0.0328671
-0.0366963
-0.0402669
-0.0434317
-0.0460439
-0.0479606
-0.0490448
-0.0491681
-0.0482134
-0.0460773
-0.0426723
-0.0379289
-0.0317977
-0.0242509
-0.0152838
-0.00491562
0.00680942
0.0198221
0.034028
0.0493081
0.0655194
0.0824962
0.100052
0.11798
0.136058
0.15405
0.171706
0.18877
0.204983
0.220081
0.233805
0.245904
0.256133
0.264267
0.270093
0.273423
0.274093
0.271967
0.266939
0.258936
0.247922
0.233896
0.216896
0.196998
0.174317
0.149007
0.121257
0.0912965
0.059385
0.0258154
-0.00909092
-0.0449876
-0.0815068
-0.118264
-0.15486
-0.19089
-0.225946
-0.25962
-0.291513
-0.321239
-0.348427
-0.37273
-0.393828
-0.411433
-0.425292
-0.435191
-0.440958
-0.442469
-0.439644
-0.432453
-0.420918
-0.405109
-0.385146
-0.361199
-0.333486
-0.302268
-0.26785
-0.230577
-0.190825
-0.149006
-0.105554
-0.0609257
-0.015592
0.0299659
0.0752632
0.119817
0.163152
0.204809
0.244344
0.28134
0.315412
0.346205
0.373406
0.396743
0.415991
0.43097
0.441555
0.447668
0.449286
0.446437
0.439201
0.427708
0.412134
0.392704
0.369682
0.343372
0.314113
0.282273
0.248243
0.212437
0.17528
0.137208
0.0986575
0.0600639
0.0218542
-0.0155583
-0.0517785
-0.0864347
-0.119183
-0.14971
-0.177739
-0.20303
-0.225382
-0.244638
-0.260683
-0.273444
-0.282895
-0.289049
-0.291963
-0.291732
-0.288487
-0.282397
-0.273659
-0.262497
-0.249161
-0.233918
-0.217049
-0.198848
-0.179612
-0.15964
-0.139227
-0.118662
-0.0982195
-0.078161
-0.0587277
-0.0401391
-0.02259
-0.0062484
0.00874611
0.0222836
0.0342844
0.0446992
0.0535088
0.0607229
0.0663793
0.0705416
0.0732971
0.0747544
0.0750406
0.0742977
0.0726799
0.0703495
0.0674741
0.0642222
0.0607602
0.0572491
0.0538408
0.0506754
0.0478785
0.0455587
0.0438054
0.0426874
0.0422516
0.0425219
0.0434996
0.0451626
0.0474668
0.0503466
0.0537166
0.0574734
0.0614978
0.0656573
0.0698091
0.073803
0.0774844
0.0806981
0.0832914
0.0851176
0.086039
0.0859306
0.0846826
0.0822036
0.0784227
0.0732917
0.066787
0.0589108
0.0496917
0.0391857
0.0274755
0.0146703
0.000904749
-0.013663
-0.0288527
-0.044465
-0.0602836
-0.0760791
-0.091612
-0.106636
-0.120904
-0.134169
-0.14619
-0.156737
-0.165593
-0.172558
-0.177456
-0.180134
-0.180467
-0.178362
-0.173759
-0.166632
-0.156993
-0.144888
-0.130405
-0.113665
-0.0948267
-0.0740842
-0.0516633
-0.0278202
-0.00283809
0.0229762
0.0492963
0.0757804
0.102076
0.127825
0.152668
0.17625
0.198225
0.218262
0.236049
0.251296
0.263746
0.27317
0.279378
0.282219
0.281582
0.277403
0.269663
0.25839
0.243657
0.225587
0.204346
0.180146
0.153237
0.123913
0.092499
0.0593524
0.0248578
-0.0105786
-0.0465337
-0.0825735
-0.118258
-0.153148
-0.186809
-0.21882
-0.248775
-0.276294
-0.301022
-0.322637
-0.340855
-0.355433
-0.36617
-0.372915
-0.375563
-0.374061
-0.368408
-0.358651
-0.344892
-0.327279
-0.306009
-0.281324
-0.253507
-0.22288
-0.189797
-0.154643
-0.117828
-0.0797769
-0.0409323
-0.00174192
0.0373439
0.0758788
0.113426
0.149564
0.183892
0.216034
0.245643
0.272407
0.296053
0.316346
0.333096
0.346159
0.355436
0.360875
0.362474
0.360274
0.354363
0.344875
0.33198
0.315892
0.296856
0.27515
0.251078
0.224968
0.197164
0.168024
0.137914
0.107204
0.07626
0.0454437
0.0151042
-0.0144246
-0.0428284
-0.0698161
-0.0951236
-0.118516
-0.13979
-0.158776
-0.175339
-0.189382
-0.200842
-0.209692
-0.21594
-0.219629
-0.220833
-0.219657
-0.216232
-0.210715
-0.203284
-0.194135
-0.183479
-0.171538
-0.15854
-0.144719
-0.130305
-0.115527
-0.100608
-0.0857575
-0.0711742
-0.0570401
-0.0435196
-0.0307569
-0.0188749
-0.00797421
0.00186812
0.0105984
0.0181862
0.024624
0.0299264
0.0341285
0.0372846
0.0394663
0.0407602
0.0412658
0.0410929
0.0403589
0.0391865
0.0377003
0.0360247
0.0342811
0.0325854
0.0310455
0.0297596
0.0288137
0.0282806
0.0282179
0.0286675
0.0296547
0.0311878
0.0332578
0.0358392
0.0388904
0.0423546
0.0461607
0.0502257
0.0544553
0.0587468
0.0629906
0.0670728
0.0708772
0.0742881
0.0771923
0.0794817
0.0810554
0.081822
0.0817014
0.080627
0.0785468
0.0754248
0.0712426
0.0659993
0.0597125
0.0524183
0.0441712
0.0350431
0.0251231
0.0145161
0.00334118
-0.00826976
-0.020174
-0.0322203
-0.0442509
-0.0561039
-0.0676161
-0.0786253
-0.0889727
-0.0985059
-0.107081
-0.114564
-0.120836
-0.125791
-0.129342
-0.131418
-0.131969
-0.130966
-0.128399
-0.124283
-0.118652
-0.111561
-0.103086
-0.0933243
-0.0823893
-0.0704119
-0.0575381
-0.0439265
-0.0297466
-0.0151761
-0.000398436
0.0143997
0.0290311
0.043311
0.057059
0.0701023
0.0822778
0.0934345
0.103435
0.11216
0.119505
0.125386
0.12974
0.132523
0.133715
0.133315
0.131345
0.127847
0.122885
0.11654
0.108913
0.100118
0.0902857
0.0795596
0.0680919
0.0560434
0.0435801
0.0308712
0.0180863
0.00539312
-0.00704492
-0.019071
-0.0305373
-0.0413064
-0.0512539
-0.0602696
-0.0682588
-0.0751436
-0.0808638
-0.0853773
-0.0886604
-0.0907082
-0.0915335
-0.0911672
-0.0896566
-0.0870651
-0.0834704
-0.0789632
-0.0736454
-0.0676285
-0.0610315
-0.0539788
-0.0465984
-0.0390195
-0.0313707
-0.0237775
-0.016361
-0.00923552
-0.00250715
0.00372793
0.00938474
0.0143907
0.0186865
0.0222269
0.0249813
0.0269334
0.0280822
0.0284405
0.0280356
0.0269077
0.0251094
0.0227044
0.0197663
0.0163773
0.0126263
0.00860752
0.00441885
0.0001598
-0.00407003
-0.00817276
-0.0120539
-0.015624
-0.0188
-0.0215069
-0.0236788
-0.0252601
-0.026206
-0.0264837
-0.0260728
-0.0249653
-0.023166
-0.0206919
-0.0175724
-0.0138487
-0.00957242
-0.00480554
0.000381181
0.00590923
0.0116937
0.0176446
0.0236685
0.0296701
0.0355532
0.0412233
0.046588
0.0515592
0.0560542
0.059997
0.0633196
0.0659628
0.0678773
0.0690243
0.069376
0.0689163
0.0676405
0.0655556
0.0626803
0.059044
0.0546871
0.0496599
0.0440215
0.0378395
0.0311884
0.024149
0.0168063
0.00924932
0.00156879
-0.00614352
-0.0137964
-0.0213004
-0.0285691
-0.0355202
-0.0420767
-0.0481677
-0.0537297
-0.0587066
-0.063051
-0.0667244
-0.0696972
-0.0719494
-0.0734705
-0.0742588
-0.0743221
-0.0736765
-0.0723463
-0.0703632
-0.0677659
-0.0645988
-0.0609116
-0.0567583
-0.052196
-0.0472842
-0.0420841
-0.0366569
-0.0310638
-0.0253646
-0.019617
-0.0138759
-0.00819315
-0.00261636
0.00281104
0.00805034
0.0130677
0.0178344
0.0223266
0.0265255
0.0304174
0.0339926
0.037246
0.0401763
0.0427854
0.0450781
0.0470615
0.0487446
0.0501375
0.051251
0.0520961
0.0526833
0.0530227
0.0531228
0.0529908
0.0526323
0.0520508
0.0512478
0.050223
0.0489739
0.0474964
0.0457849
0.0438323
0.0416309
0.0391725
0.0364491
0.033453
0.0301778
0.0266189
0.0227737
0.0186425
0.0142291
0.00954079
0.00458926
-0.000609297
-0.0060338
-0.0116581
-0.017451
-0.023376
-0.0293915
-0.0354511
-0.041504
-0.0474951
-0.0533656
-0.059054
-0.0644962
-0.0696269
-0.07438
-0.0786897
-0.0824916
-0.0857234
-0.0883263
-0.0902454
-0.0914313
-0.0918408
-0.0914378
-0.0901938
-0.0880894
-0.0851141
-0.0812673
-0.0765586
-0.071008
-0.0646461
-0.0575139
-0.0496628
-0.0411541
-0.0320586
-0.022456
-0.0124339
-0.00208717
0.00848332
0.0191717
0.0298686
0.040462
0.0508391
0.0608876
0.070497
0.0795601
0.0879745
0.0956441
0.10248
0.108403
0.113341
0.117237
0.120041
0.121721
0.122252
0.121626
0.119849
0.11694
0.112929
0.107864
0.101801
0.0948101
0.0869732
0.0783811
0.0691335
0.0593381
0.0491084
0.038563
0.0278233
0.0170123
0.00625293
-0.00433365
-0.0146296
-0.0245221
-0.0339047
-0.0426785
-0.0507541
-0.0580521
-0.0645045
-0.0700552
-0.0746612
-0.0782927
-0.0809334
-0.0825807
-0.0832459
-0.0829533
-0.0817404
-0.0796566
-0.076763
-0.073131
-0.0688411
-0.0639822
-0.0586494
-0.0529432
-0.0469678
-0.0408292
-0.0346341
-0.0284878
-0.0224929
-0.0167479
-0.0113454
-0.00637087
-0.00190142
0.00199533
0.00526231
0.00785374
0.00973587
0.0108874
0.0112997
0.0109771
0.00993671
0.00820794
0.00583233
0.0028627
-0.000637605
-0.00459569
-0.00893025
-0.0135528
-0.018369
-0.0232801
-0.0281847
-0.0329797
-0.0375624
-0.0418321
-0.0456911
-0.0490468
-0.0518128
-0.0539103
-0.0552695
-0.0558304
-0.0555441
-0.0543734
-0.0522936
-0.0492928
-0.0453724
-0.0405473
-0.0348453
-0.0283075
-0.0209875
-0.0129509
-0.00427454
0.00495452
0.0146399
0.0246774
0.0349558
0.0453588
0.0557661
0.0660552
0.0761025
0.0857855
0.094984
0.103582
0.111467
0.118536
0.124693
0.12985
0.133931
0.136872
0.138618
0.139131
0.138384
0.136363
0.133071
0.128523
0.122748
0.115788
0.107699
0.0985508
0.088422
0.0774039
0.0655969
0.0531106
0.0400617
0.0265731
0.0127726
-0.00120848
-0.015237
-0.0291791
-0.0429019
-0.0562746
-0.0691703
-0.0814666
-0.0930478
-0.103805
-0.113639
-0.122458
-0.130182
-0.136742
-0.142079
-0.14615
-0.148919
-0.150369
-0.150491
-0.14929
-0.146787
-0.14301
-0.138004
-0.131822
-0.124531
-0.116205
-0.106931
-0.0968004
-0.0859159
-0.074385
-0.0623208
-0.0498411
-0.0370668
-0.0241211
-0.0111279
0.00178897
0.0145069
0.0269059
0.0388696
0.0502859
0.0610488
0.0710585
0.0802227
0.0884575
0.0956879
0.101849
0.106885
0.110752
0.113416
0.114857
0.115064
0.114038
0.111794
0.108356
0.10376
0.0980542
0.0912976
0.0835585
0.0749155
0.0654562
0.0552765
0.0444797
0.0331758
0.0214805
0.00951374
-0.0026006
-0.0147365
-0.0267666
-0.0385636
-0.0500013
-0.0609559
-0.0713072
-0.0809397
-0.089744
-0.0976177
-0.104467
-0.110206
-0.11476
-0.118066
-0.120072
-0.120738
-0.120038
-0.117959
-0.114503
-0.109684
-0.103531
-0.0960893
-0.0874145
-0.077578
-0.0666633
-0.0547664
-0.0419948
-0.0284665
-0.0143093
0.000341173
0.0153418
0.030544
0.0457951
0.0609394
0.0758207
0.0902829
0.104172
0.117339
0.129639
0.140936
0.1511
0.160014
0.16757
0.173676
0.178251
0.181231
0.182567
0.182227
0.180195
0.176474
0.171084
0.164062
0.155463
0.145359
0.133837
0.121
0.106966
0.0918637
0.0758365
0.059036
0.0416231
0.023765
0.0056342
-0.0125939
-0.030743
-0.0486375
-0.0661049
-0.0829775
-0.0990944
-0.114303
-0.128463
-0.141442
-0.153126
-0.163411
-0.172213
-0.179463
-0.185108
-0.189116
-0.191473
-0.19218
-0.191261
-0.188755
-0.184719
-0.179227
-0.172368
-0.164243
-0.15497
-0.144676
-0.133496
-0.121574
-0.109061
-0.0961099
-0.0828757
-0.0695133
-0.0561751
-0.0430091
-0.0301572
-0.017753
-0.0059204
0.00522808
0.0155927
0.0250876
0.0336419
0.0412005
0.0477247
0.0531923
0.057598
0.0609529
0.0632846
0.0646359
0.0650648
0.0646427
0.0634536
0.0615923
0.0591633
0.0562787
0.0530563
0.0496179
0.0460874
0.0425883
0.0392422
0.0361664
0.0334724
0.0312636
0.0296337
0.0286652
0.028428
0.0289778
0.0303554
0.0325857
0.035677
0.039621
0.0443921
0.049948
0.0562299
0.0631631
0.070658
0.0786111
0.0869063
0.0954165
0.104005
0.112529
0.120837
0.128778
0.136197
0.142942
0.148862
0.153812
0.157657
0.160269
0.161533
0.161347
0.159625
0.156297
0.151312
0.144637
0.136262
0.126195
0.114466
0.101125
0.0862462
0.0699209
0.0522619
0.0334002
0.0134846
-0.00732024
-0.0288352
-0.0508689
-0.0732196
-0.0956771
-0.118026
-0.140047
-0.16152
-0.182227
-0.201954
-0.220493
-0.237647
-0.253227
-0.267061
-0.278992
-0.288879
-0.296601
-0.302059
-0.305174
-0.305892
-0.304181
-0.300034
-0.293467
-0.284522
-0.273263
-0.259778
-0.244178
-0.226593
-0.207174
-0.186089
-0.163524
-0.139677
-0.114759
-0.0889906
-0.0626
-0.0358203
-0.00888675
0.0179649
0.0445016
0.0704952
0.0957243
0.119977
0.143054
0.164768
0.184947
0.203436
0.2201
0.234819
0.247499
0.258062
0.266454
0.272643
0.276616
0.278384
0.277979
0.27545
0.270869
0.264323
0.255918
0.245775
0.234028
0.220823
0.206317
0.190676
0.174069
0.156673
0.138667
0.120229
0.101538
0.0827658
0.0640836
0.0456538
0.027631
0.0101603
-0.00662391
-0.0225993
-0.0376563
-0.0516989
-0.0646452
-0.0764281
-0.0869951
-0.0963087
-0.104346
-0.111099
-0.116572
-0.120786
-0.123771
-0.125571
-0.126241
-0.125844
-0.124454
-0.12215
-0.119019
-0.115152
-0.110644
-0.105593
-0.100095
-0.0942505
-0.0881544
-0.0819012
-0.0755812
-0.06928
-0.0630779
-0.0570489
-0.0512598
-0.0457701
-0.0406312
-0.0358861
-0.0315693
-0.0277068
-0.0243157
-0.0214049
-0.0189747
-0.0170178
-0.0155193
-0.0144571
-0.0138031
-0.0135233
-0.0135786
-0.013926
-0.0145186
-0.0153073
-0.0162409
-0.0172675
-0.0183349
-0.0193917
-0.0203878
-0.0212755
-0.0220097
-0.0225489
-0.0228558
-0.0228975
-0.0226461
-0.022079
-0.0211793
-0.0199357
-0.0183428
-0.0164011
-0.0141169
-0.0115021
-0.00857403
-0.0053551
-0.00187248
0.00184238
0.00575418
0.00982437
0.0140117
0.0182727
0.0225627
0.0268359
0.0310466
0.0351494
0.0391001
0.0428563
0.0463778
0.0496274
0.0525713
0.0551795
0.0574263
0.0592908
0.0607567
0.061813
0.0624539
0.0626789
0.0624929
0.0619059
0.060933
0.0595941
0.0579136
0.0559201
0.053646
0.0511266
0.0484004
0.0455076
0.0424901
0.0393908
0.0362527
0.0331183
0.0300294
0.0270257
0.0241447
0.021421
0.0188857
0.0165659
0.0144842
0.0126583
0.0111008
0.00981879
0.00881376
0.00808143
0.00761179
0.00738919
0.00739243
0.00759508
0.00796577
0.0084686
0.00906368
0.00970761
0.0103542
0.0109551
0.0114604
0.0118199
0.0119832
0.011901
0.011526
0.0108134
0.00972179
0.00821419
0.00625857
0.00382861
0.000904373
-0.00252716
-0.00647159
-0.0109267
-0.0158821
-0.021319
-0.0272105
-0.0335209
-0.0402065
-0.0472154
-0.0544883
-0.0619585
-0.0695528
-0.0771922
-0.0847927
-0.0922659
-0.0995203
-0.106462
-0.112997
-0.119031
-0.124469
-0.129222
-0.133202
-0.136326
-0.138519
-0.139711
-0.139842
-0.138859
-0.136721
-0.133398
-0.128869
-0.123128
-0.11618
-0.108043
-0.0987488
-0.0883415
-0.076878
-0.0644278
-0.0510723
-0.0369044
-0.0220277
-0.00655537
0.00939066
0.0256809
0.0421796
0.0587459
0.0752357
0.0915026
0.1074
0.122781
0.137504
0.151429
0.164422
0.176357
0.187116
0.196591
0.204685
0.211313
0.216403
0.219896
0.22175
0.221936
0.220442
0.217269
0.212438
0.205981
0.197948
0.188403
0.177424
0.165102
0.15154
0.136854
0.121167
0.104613
0.0873316
0.0694703
0.0511792
0.0326117
0.0139224
-0.0047347
-0.0232072
-0.0413463
-0.0590079
-0.0760544
-0.0923554
-0.107789
-0.122245
-0.13562
-0.147825
-0.158783
