1.31033
-1.06514
0.779156
0.434816
0.14709
1.89504
0.138637
-0.703298
-0.0640567
-0.308136
0.908899
-1.29624
0.0535188
2.02548
2.55346
0.281882
-0.108324
-0.434767
0.155318
-2.01177
0.525241
1.34861
0.321986
-0.168692
0.27604
-0.213685
0.582811
1.5047
1.61668
0.861361
0.138446
-0.311813
1.02173
2.18242
0.424852
0.825284
-0.520896
-1.05595
0.0935849
1.50686
-0.74129
0.1295
1.4017
1.81228
0.723431
0.135672
-0.115748
-1.26662
-1.66474
0.214853
0.516498
-0.0686326
0.175693
-0.534277
-1.5856
-0.758963
0.263878
0.686019
0.803682
0.274578
-0.257598
0.0460552
0.329187
0.346228
0.382334
-0.368243
0.0376547
-0.494132
-0.201975
-1.07325
-0.0528096
1.43802
1.95228
0.834588
-0.324459
0.0172027
-0.330547
-1.17574
-0.298626
-0.181805
-1.51268
-0.549379
-0.385653
0.37522
-0.203027
-0.87231
-0.261713
3.03767
0.0714229
-0.705774
-0.109116
0.39983
-1.48894
0.957055
-0.252838
-0.1947
-2.99628
-1.04789
0.57505
1.95487
3.04705
3.0183
-0.401065
-0.523444
-0.56465
0.569294
1.9251
-0.513197
2.00401
-0.702063
-0.408004
-0.85157
-1.78238
-1.3938
-0.682099
0.467123
2.16646
-1.7632
1.24139
0.149071
-0.811236
-0.306019
-0.106735
0.288844
-0.289609
-2.42983
-0.499354
0.181016
1.52453
2.91987
3.02516
-0.347457
0.0209163
0.462003
0.367274
2.5937
-1.4108
-0.109205
0.101063
-0.297769
0.578077
-0.758068
-0.563283
-0.220547
0.273412
0.921409
0.68209
0.431761
0.339069
0.227415
-0.211418
-1.37066
0.106202
0.855257
-1.00348
0.907289
1.70721
-0.00865062
-2.51548
-3.43732
-2.38882
0.630095
0.982056
0.823854
2.67932
0.161964
-0.12586
0.874268
-0.437986
0.147615
-0.463228
-1.54186
-2.53927
-2.14835
0.487975
-0.409649
-1.21401
0.595926
2.1697
-0.395006
-0.274563
0.456459
1.03185
-0.0894147
0.557682
1.26465
0.914809
0.175251
-0.851739
-1.83284
0.533459
0.351162
1.55099
2.30753
-0.0549213
-0.0296777
0.582513
-0.286956
-0.291709
0.187358
0.131525
0.0669029
0.266012
1.18246
-0.329517
-0.618022
0.521038
1.51792
0.374938
0.00410973
-0.020268
1.37656
-0.953096
0.680972
0.761671
1.00163
1.27657
1.07571
-1.3498
0.619039
0.480826
1.85643
1.91645
0.164596
0.512842
0.889347
0.10176
0.789611
-0.891909
-0.410895
0.145846
0.246852
0.0998767
1.03389
0.16414
0.39627
0.846118
1.43667
0.940315
-0.122142
0.706205
0.120091
1.44553
0.263576
0.154996
0.100461
-0.171922
-1.08736
0.277192
-0.440377
0.127861
2.0456
0.518313
0.140111
-0.143452
-0.123223
0.567445
-0.383367
-0.818886
-1.0862
-0.824296
0.507647
-0.569287
-0.113675
0.0891965
0.265161
0.481112
0.218194
-0.0510732
0.228406
0.696816
1.32811
0.134648
0.19627
0.286299
0.194656
-0.596561
1.68254
-0.521348
1.65471
2.34544
0.536587
0.020254
0.205727
-0.10574
-0.102405
0.219171
-0.399855
-1.11633
-1.01102
0.232768
0.302715
0.568206
0.876628
1.03069
-0.194435
0.187087
0.543245
0.845585
0.991317
1.14298
0.200005
0.0826702
0.0195656
-0.247834
-1.14561
-0.193271
0.455129
0.286815
1.52902
-0.0903066
-0.136671
0.364093
0.214164
-0.530989
-0.750506
-0.932856
-1.05775
-0.802358
0.393927
-0.743733
0.588517
0.406875
0.0748461
-0.290887
0.485058
0.622519
0.280134
0.721031
-0.320581
0.465927
0.420872
0.30413
0.0441255
-0.590177
0.150807
0.113239
0.617199
0.983916
-0.854089
-0.087783
-0.00130519
0.51476
0.12788
0.185559
-0.141074
-0.51913
-0.306547
0.992692
-2.11357
-1.01848
1.41415
2.96317
0.0941039
0.223051
0.907405
1.06351
-0.353127
0.67351
0.0623523
0.0334662
0.0203471
-0.0290522
-0.538057
-1.70994
0.620611
1.49099
1.23021
-0.899465
0.159277
-0.0091332
0.00354571
-0.997903
2.37711
0.830623
-0.959327
-0.890928
1.25868
0.332735
1.88212
1.1234
0.454671
0.719066
2.41592
0.208963
-0.17815
0.573658
2.79093
0.347901
0.183407
0.104679
-0.098453
-0.281039
1.66568
1.77104
1.04929
1.91077
0.538978
-0.120041
-0.0537591
0.568144
1.07901
1.35925
1.00567
0.490548
0.103605
-0.248091
-1.64453
-0.590193
0.735996
1.4534
0.0555764
0.291301
0.424423
0.23527
0.76899
2.77009
-0.162417
-0.735349
-1.05157
-1.05721
-0.0951263
0.351795
0.53324
0.432918
0.417474
-0.204479
-0.00295169
1.57198
0.41772
0.757136
1.1385
0.727491
0.251777
0.228308
0.621945
0.00821774
0.466174
0.283983
0.13084
0.943402
-0.631184
0.338144
-0.57177
1.25544
0.438852
-0.151544
-0.831439
-1.42901
-1.43101
0.2217
-0.19588
0.493348
-0.946825
-0.245948
-1.10812
-0.341001
0.306699
0.550664
0.23649
0.158231
0.122566
0.102284
0.195682
0.609588
-0.0808313
-1.34062
-0.76725
-0.22636
-0.189845
-0.140352
0.527706
-0.806813
0.383267
-1.36776
-1.15234
-1.30691
-1.53274
-1.39431
0.452337
-0.670755
0.396895
-0.11234
-0.194522
-0.0450668
-0.134622
0.135213
0.578266
-0.21311
-0.609581
-0.0806102
0.619199
1.02714
1.21721
-0.452388
-1.75871
-1.65169
-1.34115
0.165484
-0.532096
0.365218
-0.78746
-0.194736
-2.01624
-1.27197
-1.31776
-1.38468
-1.18783
0.596183
-0.913149
0.227076
0.317245
-0.272594
-0.387278
-0.352705
-0.454009
0.312905
0.119632
0.373303
0.649308
0.87232
0.853842
0.569109
0.572132
0.24278
-0.414759
-0.821121
0.036538
-0.458953
0.10829
-0.969058
-0.325078
-1.72817
-1.00833
-1.13672
-1.32431
-1.24674
-0.070534
-1.23245
0.038054
1.14668
0.85486
0.347253
0.169386
-0.32627
-0.205337
0.140928
1.79501
1.51367
1.06852
0.590591
0.138211
0.432547
-0.522273
-0.997239
-1.17602
0.45242
-0.960274
-0.239386
-1.04967
-0.411099
-1.38598
-0.463266
-0.708489
-1.06675
-1.14361
-0.664689
-1.02291
-0.169264
0.705467
0.285485
0.770568
0.0567025
0.406552
-0.413715
0.466849
1.36619
1.02398
0.570518
0.32062
0.179155
-0.164405
-0.784055
-0.758568
-0.6728
0.153287
0.00148015
-0.132098
-0.265607
-0.470032
-0.984883
-0.0951079
-0.299782
-0.598804
-0.573863
0.500612
-0.672137
0.494261
0.505856
-0.268867
-0.174184
-0.604931
-0.113537
-0.161631
1.17707
1.7115
1.55173
1.26302
0.814474
0.177259
0.717212
-0.408092
-0.159924
0.0563797
-0.226611
0.619914
-0.115355
-1.02733
-0.155012
-1.73952
-1.10324
-0.810971
-0.578744
-0.225171
0.229847
0.215767
-0.01919
0.5869
-0.210083
0.340906
-0.116659
0.439374
-0.410515
-0.1157
0.556108
1.09718
1.48744
1.43031
0.600257
0.0692227
-1.62392
-1.14138
-0.3352
0.372056
-0.408382
-0.232835
-1.82814
0.23151
-1.14907
-1.0324
-0.529969
0.108416
0.342259
0.302333
0.201833
0.692589
-0.211193
-0.382829
0.353041
-0.283716
-0.377228
-0.235549
0.376006
0.270225
0.442545
0.641993
0.483005
-0.402229
-0.401615
-1.68396
-1.37987
-0.840632
-0.283245
-0.629043
-0.215466
0.185388
-0.376597
-0.863859
-0.192341
-0.336919
-0.548143
-0.534823
0.583696
0.735866
0.110712
0.162268
-0.303796
0.253806
0.121346
-0.671197
-0.348727
0.113176
1.55271
0.994757
0.348967
0.206561
0.269352
0.188246
-0.562623
-1.13695
-1.39084
0.605217
1.15147
-0.739388
-1.14
0.15417
-0.118298
-0.275563
-0.0386886
0.307379
0.343114
-0.506749
-0.0929966
1.04196
-0.493527
0.197665
0.309784
0.316682
0.0674959
-0.49309
0.423
0.692026
0.603042
0.442437
0.2376
-0.158102
-1.39266
1.21436
0.44104
-0.238636
0.059155
-0.249457
-0.307692
-0.596374
-0.165415
-0.0659401
0.307134
0.366424
0.398564
0.437723
0.494643
0.442517
-0.308852
-0.423106
-1.31098
-0.258394
-0.263735
0.798079
-0.668481
0.43806
1.76913
1.58974
1.27638
0.839362
0.26575
0.224941
-0.181219
-0.0639549
0.131707
0.287053
-1.00096
-0.61218
-0.929618
-0.139338
0.34178
0.296844
0.500555
0.798172
0.877011
0.286477
-0.0121258
0.554246
-0.351155
-0.406161
0.15514
-0.302506
-0.585224
-0.631944
-0.495891
-0.576223
-0.419906
-0.23898
-0.291085
-0.701146
0.207967
0.37902
-0.0720015
-0.468301
-0.282618
-0.496707
-0.64575
-0.937208
-0.834384
-0.809354
1.00067
0.340813
-0.62322
-0.87347
0.235104
0.233788
-0.0451012
0.12955
-0.583605
0.0141114
-0.131349
-0.430701
-0.528981
0.104173
-0.122916
-0.0893232
-0.0504422
-0.0941982
-0.321211
0.72709
-0.619122
-0.316241
-0.0506518
-0.226685
0.431147
-0.390843
-0.335074
-0.529004
-0.567511
1.15233
0.986427
0.647713
0.231712
-0.4354
-0.768728
0.673497
-0.0686126
-0.18047
0.552843
0.381861
-0.635658
-0.594833
-0.181927
0.147252
0.249028
0.303633
0.0931464
-0.872317
-0.90859
-0.432399
-0.262947
-0.115772
0.0819213
-0.987604
-0.214098
-0.0870664
-1.10505
-0.285943
-0.00300911
0.292231
0.539576
0.425005
-1.18051
0.188855
0.577392
0.554446
-0.318872
-0.420344
0.0850203
0.823404
-0.0327585
0.635004
-0.446662
-0.139896
0.215165
0.167724
-0.403177
0.944836
0.439284
0.681869
0.883596
-0.465036
-0.214762
0.0843628
-0.262743
-0.520218
-0.387036
0.388592
-0.152059
-0.941935
-1.11555
-0.0258119
-0.276944
0.278964
0.0306233
-0.271808
-0.256048
0.00797911
0.369749
-0.482193
-0.531787
0.172592
0.101869
-0.0328585
-0.238111
-0.684906
-1.36155
-0.301484
-0.703874
-1.04873
0.0625743
-0.575248
-0.270418
-0.48226
-0.291413
-0.630114
-0.78636
-0.299708
0.411278
0.558494
-0.502362
-0.194463
-0.146766
0.205119
-0.354237
-0.357192
-0.0615027
1.48468
-0.117739
0.282577
0.701889
0.805527
0.859162
0.740127
0.125433
0.0230173
0.595058
0.184279
-0.208482
-0.227798
0.49902
-0.424205
-0.919244
-0.294288
-2.13534
0.168613
-0.390453
-1.20723
-1.31594
0.474228
0.129483
-0.42546
-0.930896
-1.43246
-0.0370574
-0.137456
0.00337619
-0.244215
-0.270294
-0.256131
0.031032
0.363404
0.363918
-0.263215
-1.27395
-0.467906
-0.547567
-0.610607
0.173247
-0.533895
-0.460545
-0.564578
-0.331962
-1.73216
-0.746229
-0.517458
-0.374886
-0.0815426
0.345661
0.00923657
0.409323
0.422738
-0.225455
0.466513
-0.0962448
0.416588
-0.090566
0.0954118
-0.476641
-0.102795
0.329907
0.302843
-0.261714
0.0947138
0.380599
0.25368
-0.0237061
-0.523469
0.253443
-0.321067
-0.100626
0.466566
-0.968814
0.229659
-0.496809
-1.55816
-1.72884
0.492158
0.438192
-0.470478
-0.108091
-0.715873
0.846157
0.278489
-0.35501
-0.568421
-0.68264
-1.03067
-0.848961
-0.595302
-0.412102
-0.301603
-0.699228
-0.95625
-0.60922
-0.0552534
0.379429
0.0409002
-0.429151
-0.239265
0.19335
-0.814653
0.129372
0.127701
0.125259
0.132086
0.254917
0.249047
-0.0319383
1.00759
0.0274933
1.0766
0.205564
1.30026
-0.576076
-0.26646
-0.540918
-0.1568
0.287792
0.223516
-0.512123
0.531491
0.0516238
-0.323328
-0.499975
-0.431649
1.42852
-0.210255
0.586676
1.46681
-0.369014
1.09147
0.574444
-0.180913
-0.451702
-0.0160413
0.532697
-0.504816
-0.0204821
-0.320333
1.15553
0.174094
0.204645
-0.629659
-0.652314
-1.25955
-0.775624
-0.215516
-0.185408
-0.638316
-0.143874
-0.276665
-0.0299449
0.184708
-0.146009
0.218739
-0.173267
1.89014
0.312805
-0.75695
1.7583
0.842659
-0.495072
-0.851338
0.554001
0.42403
-0.47705
0.439033
-0.456235
0.233054
-0.239015
-0.22499
-0.275783
-0.0765682
-1.0486
-0.565622
-0.0066125
-0.064093
-0.889504
0.887499
1.02502
0.191509
-0.538239
0.0776206
-1.27255
-0.272279
0.150682
0.994936
-0.270784
0.975607
0.352866
-0.556941
-0.826944
-0.153126
-0.211118
-0.240925
0.0388475
-0.510588
-0.255717
-0.399458
-0.31734
-0.375556
-0.57624
-0.991362
-0.56045
-0.0616975
-0.0874518
-0.714981
1.20365
1.46386
0.792803
-0.0629372
-0.403125
0.138059
-0.126289
0.104142
0.920049
0.0449931
1.37881
0.736042
-0.20302
-0.471852
0.314227
0.242148
-0.206407
-0.259385
-0.362646
0.488659
-0.0820719
-0.355558
-0.382956
-0.463593
-0.925119
-0.76399
-0.577494
-0.610308
-0.943859
-0.90289
-0.761828
-0.403666
-0.165318
-0.342754
-0.645612
-0.0424768
0.519268
0.732708
0.0779686
0.963554
0.468611
-0.254486
-0.508258
-0.164014
-0.0182827
-0.388939
-0.0353377
-0.591008
-0.343592
-0.260513
-0.0483263
-0.307378
-0.26279
-0.188569
-0.0684592
0.0379248
-0.10071
-0.793876
0.608096
0.789649
0.436226
0.0808412
0.0498536
1.00609
-0.0724913
0.442231
0.48952
0.469251
1.03419
0.548347
-0.161455
-0.424677
-0.20603
0.271959
-0.182596
-0.4541
-0.648673
0.120083
0.0490711
0.293665
-0.373874
-0.60322
-0.585068
-0.426983
-0.245823
-0.315204
-0.798724
0.356406
-0.35128
-0.235828
-0.136536
-0.418553
-0.218378
0.186936
0.974844
0.103073
0.0217293
0.567732
-0.29961
-1.56677
-1.89343
0.233225
0.759082
-0.761798
0.478576
-0.151623
0.0391399
-0.175212
-0.413401
-0.301162
-0.369078
1.97364
1.42885
0.622264
-0.0882642
-0.626127
0.997526
1.06311
0.0651258
-0.808846
0.2415
0.820927
0.10285
0.477249
-0.386855
0.582491
0.760179
0.73979
0.680253
0.444707
-0.643224
0.216036
-0.20136
0.145054
0.246164
0.45619
-0.139357
0.406631
-0.0970587
-0.0560765
-1.37417
-0.845845
-0.23434
-0.198488
-0.680239
0.256775
0.386217
0.243545
0.0155508
-0.160395
0.149277
-0.202974
0.92711
-0.54129
0.959112
0.960045
0.82302
0.537081
0.150938
-0.267604
-0.0507207
-0.685893
0.267226
-0.0385099
0.273947
-0.108225
0.240242
0.0362158
0.129325
-0.678851
-0.586405
-0.453884
-0.348812
-0.278249
-0.729343
-0.531952
-0.412429
-0.276123
-0.029878
-0.260176
-0.0261031
0.320098
-0.331565
0.726389
-0.378222
0.0676409
0.719034
0.923506
0.0556336
-0.768355
-0.514571
0.570599
-0.00638144
0.517974
-0.0224051
0.455101
0.310352
0.997167
0.614258
0.0661526
-0.413894
-0.391535
0.161192
-0.571772
0.579666
-0.344628
-1.15533
-0.147067
1.24645
0.0825016
0.364047
0.181608
0.764051
0.620571
0.199738
-0.300022
-0.308085
1.16012
0.292156
-0.220495
-1.03239
-0.826113
0.324647
-0.644522
-1.19996
0.188064
0.291722
0.101866
0.146887
0.198996
0.17879
-0.0608911
-0.363537
0.393268
-0.37285
-1.04335
-0.220775
0.133042
-0.304412
0.234954
0.130248
1.19766
0.447481
-0.223815
-0.784918
-0.782463
0.739556
-0.241989
-0.247175
0.429579
-0.598781
0.0764988
-0.514854
-0.853746
-0.0428114
0.506802
0.464145
0.527231
0.600248
0.429288
-0.37579
0.68078
-0.0561433
-0.0273895
-0.00366335
-0.411629
-1.4779
-0.360997
0.406216
0.465137
1.56882
0.584985
0.256294
0.0541851
0.022957
0.117523
-0.635475
0.290538
0.514904
-0.0726689
0.606078
-0.0827253
-0.610272
-0.208972
-0.237602
1.11264
0.25437
-0.739021
-0.958431
-0.719438
0.812481
0.972836
0.38839
-0.124773
0.15889
0.0797619
-0.667245
-0.414626
-0.269131
0.974438
0.419148
0.00656271
-0.316474
-0.392643
0.136598
0.554512
-0.672439
0.409211
0.244069
1.04073
-0.294806
0.286033
-0.127835
0.807105
0.159959
0.404269
0.68704
0.673126
0.140641
-0.292471
-0.559069
0.171765
0.808444
-0.470288
-1.15526
-0.327606
0.106111
-0.531927
0.361715
-0.0797236
0.201646
0.630889
0.845604
0.746178
-0.276807
-0.000430022
-0.0721049
-0.865849
0.692378
-0.158287
0.11361
-0.301519
-0.0716574
-0.291154
-0.0663382
0.193871
0.0319225
-0.929005
1.57466
0.735871
0.0156416
-0.42753
-0.527526
0.414988
-0.308921
0.232045
-0.316157
1.44344
0.256953
-0.105467
-0.323654
-0.369733
0.0125771
0.800167
0.106389
0.255197
0.200604
1.40234
0.0929525
0.108377
-0.267789
0.0176371
-0.235191
-0.519193
-0.756918
-0.826246
-0.836927
-0.137224
0.244688
0.309186
0.323719
-0.298844
0.229336
-0.0750783
0.570684
-0.0692907
0.733845
0.0799163
-0.666566
-1.34611
-1.36853
0.434325
0.161795
-0.476761
0.607979
0.0188111
0.545077
-0.187347
0.250567
-0.0629687
0.225647
1.10674
0.992803
0.774446
0.370035
-0.314848
0.252049
-0.485403
0.0188671
0.46111
-0.0232132
-0.439527
-0.120306
0.284434
0.358414
0.584547
-0.3783
-0.670336
-0.845868
-0.740489
0.423177
-0.959135
0.23549
0.347617
-0.399282
-0.283088
-0.369106
-0.368277
-0.323944
-0.254978
1.23654
0.505289
-0.34108
-0.535766
-0.402611
1.49518
0.883357
0.331069
-0.019286
-0.104826
0.552829
-0.533241
-0.99454
-0.797511
0.0603306
0.0992589
-0.431729
-1.20749
-1.40683
0.085137
0.70632
-0.293808
0.464682
-0.261139
0.511315
-0.390126
-0.627092
-0.162157
0.188925
-0.0747763
0.384672
0.916452
0.870247
0.121199
0.144397
-0.669482
-0.0714426
0.450736
-0.290971
-0.477668
0.0136609
0.495069
-0.222468
-0.251801
-0.0821178
-0.05646
-0.0416285
0.0774912
0.728286
0.36801
0.295863
-0.452236
-0.819814
-0.511082
-0.316721
-0.918792
-0.684311
-0.176227
1.85362
1.03581
0.0892461
-0.134473
-0.0636441
0.398
0.417262
0.454179
0.473739
0.13563
1.60376
-0.49424
-0.70078
-0.819174
-0.666988
-0.179661
0.0242054
0.182974
0.482519
0.945345
0.827399
0.246095
-1.07785
-0.84726
-0.0151926
-0.0105949
-0.547975
-0.531947
-0.0929988
0.26067
0.0827655
-0.123146
-0.0878928
0.276214
-0.1852
1.4339
1.02182
0.354563
-0.176016
0.957962
-0.469268
0.212413
-0.929801
0.175698
0.814285
0.58205
0.24276
0.213986
1.05854
-0.0180627
-1.11903
-0.553955
-1.17894
-0.0674373
0.0258053
-0.303174
-0.740247
-0.0713237
0.508004
0.784181
0.948975
0.723039
-0.370775
0.108676
0.499689
0.576118
0.592659
-0.282385
0.822171
-0.379352
0.362164
-0.341309
-0.923361
-1.22887
-0.602614
0.367634
0.894153
0.856344
-0.160494
0.454311
-1.70016
-1.46603
-0.142789
-0.147516
-1.92085
-0.219857
-1.48054
0.394348
0.610035
0.712253
0.600847
-0.181731
-0.710664
-0.450718
0.0684629
0.393915
0.151702
0.0143197
-1.17022
-1.1712
-1.4477
0.330832
0.620548
0.153457
-0.528949
-0.604397
0.896596
-0.142242
0.534479
-0.0296655
-1.16907
-1.99919
-0.740407
0.213324
-0.773911
-0.479108
-0.00375492
0.0292119
0.0441671
-0.186675
-1.18079
0.900456
1.05244
0.929878
0.631648
-0.190847
-0.671322
-1.36313
-0.650054
-0.855535
0.0181418
1.35873
1.27871
1.07647
0.656455
-0.30463
0.437097
0.235701
0.289917
-0.250281
-0.103914
0.466315
0.650202
-0.950923
0.289427
-0.744578
-0.334825
0.139435
0.0240798
-0.960256
0.884885
1.03258
0.783274
0.330493
-0.165877
0.275672
-0.81106
-0.462236
-0.340092
-1.76543
0.646928
0.259043
-0.307647
-0.397837
0.560173
-0.505631
0.618207
-1.00039
-0.647711
0.440613
0.0663347
0.017342
-0.839769
-0.976187
-2.14655
-1.94861
-1.69998
-1.59506
-1.55158
0.752929
0.948911
0.602949
0.0971487
-0.254767
-0.874518
-0.992887
0.49373
-0.71754
-1.63967
1.03845
1.02189
0.971427
0.613197
-1.51761
0.623093
-0.229792
-0.243763
-0.156572
0.621315
0.155751
0.0542611
-0.789313
-0.605372
-1.28962
-0.690886
0.00210519
0.000517133
-0.725527
1.35978
-0.553478
0.385663
1.20787
0.02058
-1.1187
-0.486838
0.401577
-0.604815
-0.197117
0.453368
0.978928
1.39255
1.43009
-0.184107
-1.17639
0.356272
0.357014
-0.479235
0.607313
0.0748704
-0.323946
-0.0377118
0.226345
-0.404731
-0.297758
-0.173943
-0.211668
-0.501107
1.37814
-0.802551
-0.187097
0.353844
0.0429683
-0.0727178
-0.0193285
-0.513061
0.206662
-0.43195
-0.0406902
-0.380048
-0.968522
-1.46612
-1.40964
0.784669
-1.02215
1.33687
0.818367
0.993824
0.077946
-0.14685
-0.0835184
-0.228079
-2.39577
-3.27178
-3.79093
-3.48868
-1.61353
-1.34699
1.00852
1.54078
1.70546
0.342116
1.40879
-0.272886
1.52026
0.867053
2.01177
-0.125358
0.259173
0.820962
0.972062
-0.567171
-2.5349
-0.576912
0.204513
-0.0309024
0.769662
-0.551755
-0.833694
-0.330935
-1.2135
-1.26677
-0.894489
-0.463596
-0.45766
-0.87957
-0.619104
-1.33775
-0.373027
0.476883
0.0937358
-1.19662
-0.68807
0.0583689
0.329257
0.407166
0.0565373
0.725886
1.70379
1.96378
-0.114472
-1.46768
0.612936
0.338557
0.154282
-0.521122
-0.0623518
-0.0937886
-0.0476693
0.726805
-0.564054
-0.524424
-0.478555
-0.619715
-1.26949
0.0767591
1.43912
0.67931
-0.233973
-0.531255
-0.21649
0.185246
1.97039
-0.124761
-0.373899
0.772534
0.688142
0.528047
0.363733
0.0963577
-1.02249
-1.67049
-0.750057
-0.112045
0.636181
-0.267895
-0.773383
0.0188296
-0.183526
-1.26848
-0.539784
0.303629
0.294676
-0.618911
0.174219
-0.482845
-0.329665
-0.0402051
0.366014
1.02602
-0.729451
0.28651
-0.00214151
-0.401533
0.630062
0.887487
1.03594
1.05359
0.374061
-1.10224
-0.365038
-0.136922
0.209795
0.678312
0.0647911
0.10745
-0.0957748
0.0608415
-1.62593
-0.996148
-0.267219
-0.287012
-1.12802
-0.628609
-0.218199
0.24507
0.488166
-0.0489193
-1.4559
-0.281664
1.47343
-0.534318
0.46318
-0.133996
0.2105
0.713799
0.788389
-0.672076
-0.95546
-0.0991708
0.0943997
0.207728
-0.437808
0.414635
0.349312
-0.227212
0.147229
0.624992
0.535501
0.335777
-0.390453
-2.37662
1.07826
0.484023
-0.0886852
-0.363656
1.19868
0.0735011
-0.647375
2.66437
-0.0606255
-0.00621919
-0.0494951
0.15838
0.462079
0.413297
-0.991705
-0.30305
-0.238279
-0.617475
-0.221461
0.253081
0.221824
1.50363
-0.0790011
-0.567059
-0.522541
-0.213547
0.229258
0.6133
0.897625
0.408885
-0.213247
0.105355
0.383975
-0.0490202
-0.376924
0.680245
1.52215
-0.00919736
-0.322537
1.20149
0.993156
0.612808
0.257692
-0.437955
-2.91461
-1.52213
-0.5346
-1.16218
-0.875227
0.854255
0.217939
0.446688
-0.369351
-0.353049
-0.17782
0.0249948
-0.0127917
-0.38449
0.0479201
1.4147
0.118512
-1.01831
-0.0612095
0.241196
0.377019
0.4894
-0.198642
-1.29042
-0.184744
-0.573562
-1.14161
-1.12666
0.709483
-0.934855
0.176711
-0.342907
-0.427416
-0.515491
-0.325478
0.0253575
0.573277
0.372527
-0.647526
0.277312
1.34775
1.40395
0.189261
-0.533558
-1.32494
-1.73065
-1.87547
0.482206
-0.273805
-0.410395
-0.223564
-0.202405
-0.471097
-0.160059
0.0242415
0.194766
0.475759
0.561815
-1.50626
0.139374
-0.469952
-0.627054
-1.25445
-0.52706
-0.331714
0.0452647
-0.0124366
-0.795195
-0.266922
0.344517
0.265465
-0.706387
1.61361
0.0671469
-0.559017
-0.794693
-0.25291
-0.331485
-0.473756
-0.504451
-0.918436
-0.48466
-0.185072
-0.0874126
-0.0293104
-0.0210413
-0.230485
-0.608886
-0.0992443
0.209727
-0.0176911
-0.0341201
-0.469228
-0.557481
0.0750845
0.336556
-0.0699651
0.388053
0.918177
0.842498
-0.0305656
1.19337
-0.832532
-0.246034
0.270566
-0.000595889
-1.05803
-0.361475
-0.566282
-0.273061
-0.0811514
-0.494739
-0.526572
-0.542412
-0.431257
0.472125
-0.470693
0.0620433
0.446069
0.187607
-0.0874057
0.174656
-0.0320524
-0.151986
0.374711
0.6809
0.479507
0.104044
-0.534758
-1.53073
0.620669
1.04698
1.01873
0.924683
-0.126423
-0.707435
-0.607516
-0.00339874
-0.119749
0.113664
-0.228754
-0.885562
-1.58964
-1.70192
-0.00577031
0.344421
-0.32759
0.430691
-0.18033
0.449597
-0.0719902
0.174226
-0.359265
0.108988
0.705449
0.630369
0.476337
0.113434
-0.643197
1.46389
-0.471805
0.266932
0.91658
0.353544
-1.13618
-0.521381
-0.350948
0.183543
-0.0681612
-0.573609
-0.311696
0.0709512
0.212069
0.0513341
-0.351937
0.071571
0.2985
0.0936714
-0.201934
0.040069
0.484271
-0.338972
-0.0681545
0.588207
0.212254
-0.357535
-0.896985
-1.34004
1.83321
0.609294
0.635507
0.651672
-0.106389
0.157435
-0.303651
0.448124
0.978921
-0.145199
-0.830297
-0.527761
-0.0857629
-0.0345992
-0.893905
0.464313
-0.302699
-0.321138
0.207236
0.677377
0.34474
0.582744
-0.0677605
-0.199716
-0.497429
-0.216612
0.108415
0.135063
-0.125655
-0.185535
-0.759551
0.000637325
0.669433
0.231209
-0.490269
-0.297427
0.47283
0.995608
0.245735
-1.93928
-1.12494
0.0647807
0.497938
-0.0708918
-1.04743
0.124914
0.304896
0.390181
-0.195444
0.444
0.696982
0.086208
0.426424
0.131712
0.354254
0.61183
0.350019
-1.03418
1.51753
-0.0214517
-0.325532
-0.422349
-0.0107034
0.704392
-0.508014
0.0310858
0.638872
-0.0626626
-0.837889
-0.592444
-0.233855
-0.126375
-0.329975
0.0691075
-0.0863938
-0.0981298
0.20777
0.346274
0.18245
0.350571
-0.158523
0.116498
0.133433
0.215304
0.303378
0.23163
-0.326226
-0.668679
-0.127816
-0.214034
-0.281763
0.62748
0.065646
-0.470625
0.0634234
-0.0934837
-0.302314
-1.56085
-0.873632
0.130367
0.504059
0.232778
-0.30925
0.567538
-0.0514117
-0.248292
-0.611608
-0.179465
-0.0438693
-0.202232
0.231359
0.258817
0.33001
0.398449
0.229582
-0.558118
0.802276
0.307779
0.0952422
-0.0628574
-0.1938
0.633251
-0.575442
0.00915815
0.622204
0.179854
-0.378255
-0.352943
-0.282281
-0.0737928
0.644793
-0.121553
0.450094
-1.16457
-0.308755
-0.253563
-0.271611
-0.120418
-0.329058
-0.507263
-0.774057
-0.691142
-0.595174
-0.670041
-1.08902
1.18516
-1.90372
-2.18985
-2.25693
-0.20179
0.180384
-0.585916
-1.63377
-2.67793
-0.235848
0.866074
0.612288
0.236967
0.0816457
0.166744
1.07515
-0.102232
-6.50301
0.317081
-4.3678
-0.516843
-2.27684
-0.198057
0.256484
0.589639
0.431591
0.110811
-0.575648
-2.07493
-2.37861
2.63834
-1.11304
-4.38059
0.564078
0.831868
-0.262245
0.419218
-0.450606
-0.38142
-0.0647378
-0.415399
-0.927704
-1.0977
-0.416116
0.735261
0.00780736
-3.52042
-0.671113
-2.68485
-0.220273
0.442202
0.604219
0.374339
-3.18659
-1.42243
0.619472
0.898377
-0.747859
-3.10928
1.62606
-0.654822
-2.64845
-0.494311
-0.420736
-0.0576977
1.30332
0.712998
-0.394998
-0.339267
-0.255732
-0.105253
0.277751
1.17463
-0.872946
-0.26699
-4.12774
-1.37101
-3.55533
0.100365
-1.82329
-0.442936
-0.815809
-2.71341
-1.46786
-0.0262147
0.125093
-0.725755
-0.515416
0.546954
-0.813344
-2.00046
-0.216595
0.244044
-0.807345
1.44705
0.903304
0.702262
-0.377116
-0.23107
0.060163
0.415818
0.656634
-0.205704
-0.469722
-2.94526
0.091494
-2.55854
0.239897
-1.29571
-0.406088
-0.3085
0.51476
0.164366
-0.304565
-0.566554
-0.734164
-3.0327
-3.69926
-2.13187
-0.247384
0.372038
0.318372
-0.510648
-0.860009
-0.44884
-3.92258
-8.33034
-4.23657
1.74431
3.6901
0.452024
0.291714
0.645681
-0.0341888
0.832305
-0.0333406
-0.0973768
0.0255519
0.305644
0.6826
-0.960232
-0.412447
0.221577
0.289033
-0.431646
-1.88529
-1.59628
0.0374726
1.27635
-0.815364
0.837312
-0.486077
0.158083
-0.650555
-0.907802
-2.40214
-1.77694
-0.626008
0.52995
1.21549
0.124351
0.261741
-0.588378
0.22091
0.861592
0.287536
-0.0177804
-0.281823
-0.106665
-0.77602
-1.13334
-1.41872
-1.70357
-1.92272
-0.767973
-0.032144
-0.0635646
-0.160183
-0.756438
0.0987605
-0.631181
0.282565
0.104504
-0.0363922
-0.46968
-0.531419
-0.563826
-0.534744
0.174371
0.60207
-0.57628
-0.11011
0.0922174
1.61263
0.435204
0.0569623
-0.547796
0.183443
-0.0280123
-0.176177
-0.366588
-0.862482
-1.95125
-2.15896
-0.88495
0.286829
0.863821
0.0700551
-0.165756
-0.518039
0.626235
-0.399549
-1.23528
-0.683286
-0.60891
-0.569804
-0.544281
-0.484754
-0.236895
-0.400046
0.672481
0.180367
1.25902
0.130767
1.5486
-0.452205
0.0671509
0.0493418
-0.316971
-0.872099
-1.39752
-1.82893
-1.18938
0.237835
0.181809
0.135389
0.447773
-0.817462
-0.182339
0.467999
-0.253211
-0.333067
-0.0244019
0.416775
0.849722
0.77976
-1.05253
0.0711539
0.364463
0.396415
-0.277623
0.963632
0.0149696
-0.294124
-0.0850431
0.54747
-0.153204
-1.08337
-1.881
-2.05768
-2.05693
-0.86843
-0.433204
-0.113114
0.109071
0.223702
0.268862
-0.190746
-1.07818
0.513402
1.11371
0.843232
0.660914
0.458013
-0.000906045
-0.786988
1.02809
-0.192199
0.0539667
-0.01021
1.42667
-0.280268
-0.393144
0.317224
0.0242305
0.114169
-0.778227
-1.81111
-2.00568
-1.76363
-2.45897
-0.852433
0.828217
1.68824
0.145472
-0.133041
0.0783426
0.914233
0.113697
-0.236509
-1.1013
-0.445722
0.512052
0.723083
-0.807211
-0.870268
-0.442852
-0.400374
-0.25689
0.431887
0.021852
0.246196
0.274051
-0.28121
-0.608032
-1.16023
-1.7164
-2.05116
-2.21493
-0.545904
1.97109
1.0624
0.245624
0.21259
-0.978465
0.00393179
1.68319
1.88105
2.0142
0.0624736
-0.0783493
-0.146397
-0.309954
-0.596162
-0.463456
-0.280107
-1.37319
-0.318448
-1.73748
-0.171017
0.0158709
0.0396959
0.217254
-0.839164
-0.724778
-0.592383
-0.889793
-2.29592
-1.57431
-0.594569
-0.844267
-1.06361
-0.805834
-0.0447941
-0.163444
-1.05028
5.29893
0.627906
0.32826
0.104412
-0.127695
-0.633699
-1.42516
0.688011
0.211267
-0.421419
0.825761
-3.57543
0.333981
-0.249177
-0.164823
0.994146
2.33983
1.20814
-0.3586
-1.42871
-2.09496
-2.33148
0.709348
-0.822298
-2.15539
-0.131327
-0.456332
0.577697
-0.986738
5.18083
2.32691
-0.291103
-0.0897625
0.20439
0.162249
-1.06752
0.171186
0.164511
0.102298
0.437617
-3.04492
-0.237232
0.392423
0.584772
1.2636
3.98616
2.8852
1.21641
-0.36408
-1.66267
-1.33747
-0.87251
-1.27775
-1.62336
0.218963
1.24149
1.44046
-0.950023
5.26146
1.777
0.315684
0.290346
0.279864
0.139102
-0.503735
1.59446
0.127698
0.630484
0.558325
0.014314
0.089362
1.09619
1.36004
0.930176
6.01667
4.52008
2.16631
-0.317855
-2.62424
-2.28589
0.0331486
-1.2403
-2.33773
0.856798
1.25038
0.691313
-5.88286
1.04587
4.24429
-1.26591
-0.74431
0.0177327
0.253063
0.0568729
2.26552
1.59269
0.291217
-0.0411546
-0.782252
-5.64193
-4.74449
2.98243
2.74604
0.0891569
0.68864
1.3825
1.51828
1.18111
-0.451244
0.214449
0.131741
-0.254466
-12.3528
-8.83574
9.11075
-0.833229
-0.18444
-3.53199
0.177849
0.14556
0.0603979
-0.140045
-0.70827
-1.54526
-8.61246
-4.37213
-7.1346
3.85515
9.45493
2.08527
3.69989
-7.92692
0.189963
0.363458
0.466643
0.923359
1.89039
-0.367657
1.55785
1.33831
0.755653
-1.36901
-1.8049
4.96184
0.623628
-0.440988
-1.82039
0.00536878
-0.16536
-0.414791
-0.474149
0.273683
0.576424
-2.42028
-0.965032
-0.677835
0.632743
0.865311
-0.107096
2.90371
-2.01431
-0.0858087
0.520738
0.915634
1.28393
1.54661
-0.766193
2.4175
1.9311
1.10918
0.292888
-0.217546
3.57186
0.122537
-0.245683
-0.547719
-0.273714
-0.422248
-0.639253
-0.63022
0.184853
-0.0647026
-0.761787
-0.190314
-0.63036
0.371236
0.231416
0.133721
2.67271
-0.320722
-0.53393
-0.0998012
0.56783
1.22802
1.79755
-0.524143
-1.95294
-0.144417
1.43896
0.0608106
0.34315
3.18794
-1.79207
-0.442405
0.0418948
-1.43771
-0.97651
-0.217772
0.317324
0.341505
-0.827452
0.887529
0.500746
0.0149438
0.766966
-0.00866101
0.747088
2.73978
-0.720712
-1.01031
-0.0145085
1.30751
2.08998
2.46164
-0.798641
-0.17987
-0.464726
-0.696094
1.48109
0.707915
2.33871
0.0866873
0.548964
-0.373652
0.137195
0.0141504
-0.165614
-0.0503409
1.37063
-0.439989
-0.456197
-0.169573
0.443141
0.671848
0.801596
1.49381
2.60018
-1.468
-2.31881
-1.44021
-0.174577
0.845506
1.54351
-1.41054
1.23727
-0.0559416
-1.17306
1.46045
1.19619
1.87525
-2.28276
-0.262035
0.490073
-2.78436
-2.10719
-0.855213
0.416645
1.16315
0.104813
2.45404
0.742184
0.631539
-0.749416
-1.06302
0.811218
1.57823
0.638043
0.939805
0.949736
0.956339
1.04211
1.33336
-1.00511
1.90836
0.980036
0.164893
0.604522
0.166118
1.84797
-0.818675
-0.214934
0.586378
-0.750608
-0.431917
0.158892
0.763354
0.768837
-2.48221
-0.228156
0.547113
-0.246677
0.0152365
-0.746362
-1.17341
1.83926
0.682991
0.154212
0.34106
0.635271
0.946825
1.23718
0.290895
-1.53489
-0.63967
0.149213
0.0322673
0.697375
0.925469
-1.08127
0.243717
0.696042
-0.503684
-0.240347
0.238702
0.704685
0.937429
0.136907
0.0918767
0.253256
-0.600951
0.238242
-0.600235
-0.273326
1.24687
0.0240621
0.0157464
0.769456
1.64182
1.79025
1.28186
0.387127
-0.553312
-0.471481
-0.236533
0.8551
0.420072
0.65056
-0.425818
0.558378
0.824947
-1.7174
-1.40919
-0.755838
0.156771
1.14334
-0.0338785
0.960687
0.450728
0.38114
-0.412152
-0.534528
-0.725848
1.10319
0.372812
0.308887
0.273964
0.25349
0.388712
0.981515
-0.0788672
1.77697
1.20215
0.576996
0.442797
0.430006
0.773062
0.26305
-0.104484
0.512871
-0.0176801
0.0289098
0.150076
0.42294
0.996057
-0.55965
0.11509
0.39461
-0.189258
0.432844
-0.383531
-0.174474
1.11088
0.702418
0.0564543
0.014659
-0.00422474
0.310438
1.66453
0.60716
0.569171
0.221092
-0.0533339
0.694301
0.598118
0.258419
0.307316
0.312912
0.834391
0.219121
0.255916
0.347781
0.532547
0.753251
-0.788961
0.517837
0.559842
0.537118
-0.318484
0.0569136
0.375998
0.596297
0.312204
-0.152712
-0.479488
-0.703042
-0.439016
0.878328
0.651947
1.43073
0.678537
0.0169277
0.256056
0.256219
0.451377
0.832652
-0.195177
0.682015
-0.278265
-0.386482
-0.442103
-0.434452
-0.111116
0.102353
0.237167
0.534898
0.369895
0.0781522
-0.202935
0.0733927
0.571121
1.10618
1.06962
0.556539
-0.0373148
0.189532
1.7736
1.13625
0.383125
-0.348674
-0.706008
0.587429
0.0217313
0.166848
0.628806
0.568524
0.60059
-0.214462
-0.57282
-0.809823
-0.74526
0.340505
-0.288011
0.153065
0.28531
0.701225
-0.140809
0.146039
0.94386
0.263508
0.352949
0.00776556
-0.353662
-0.642215
-0.381925
0.993543
0.77089
1.0315
0.553138
0.132284
0.360703
0.561419
0.285069
0.93735
-0.0517796
-0.0954198
-0.0167194
-0.40524
-0.972858
-1.15364
-0.484116
0.0744309
-0.0222857
0.254578
0.487992
0.333361
0.157884
0.493698
0.0332399
0.19264
0.0795744
0.195972
0.420158
0.842009
1.56721
1.29839
0.284465
0.0282052
-0.0548393
0.408985
-0.171891
0.30928
1.0964
0.0731098
-0.00290944
-0.353334
-0.603795
-0.795202
-0.735123
0.320665
0.281209
0.33307
0.311825
0.382795
-0.194195
-0.0658252
0.152762
0.211341
0.449336
0.280552
0.222932
0.190237
0.431106
1.48354
1.16761
-1.38282
-1.01779
-0.434413
0.0843338
0.864945
0.290973
0.8766
-0.73723
-0.121883
0.568929
0.518316
0.405499
0.230134
0.152815
1.36578
-0.500865
0.0686487
0.3101
0.230545
0.3021
0.285238
0.231382
0.0849899
-0.461798
0.1065
0.909085
1.51342
1.89594
-0.187496
-0.878459
-0.799808
-0.584883
0.299984
0.57639
0.23787
1.2854
0.608326
0.791041
-0.192912
-0.308964
-0.368892
-0.260124
0.738595
-0.0348125
-0.0377729
-0.308878
0.211491
-0.571257
-0.0359825
-0.148418
0.178511
0.151908
0.703748
0.502883
0.270396
0.423469
1.31776
1.16439
0.01894
-0.916239
-1.35795
-0.547127
-0.0149835
0.389742
0.230429
0.338733
0.119571
-1.94702
-1.69279
-1.1307
-0.271977
0.858786
-0.171984
0.565094
0.054542
0.0836603
0.170373
0.0152485
0.281576
0.188075
0.449946
0.335842
0.651971
1.15956
1.72764
2.29106
0.207211
-0.506375
-0.666886
-0.711499
0.561693
1.1022
-0.438805
-0.0583243
-1.12637
0.544506
0.801101
1.39152
2.02753
2.23087
1.67803
0.467062
0.104005
-0.0405195
0.101264
-0.750088
-0.530844
-0.818124
-0.683131
0.267893
0.502693
0.625458
0.738925
0.97426
1.39272
1.58403
0.480526
-0.703424
-1.32051
-0.888513
-0.442378
0.0154967
-0.121977
-0.0393498
-0.434809
0.261517
0.406933
0.490858
0.580097
0.730568
0.946156
0.129326
0.22736
-0.099011
-0.205849
-0.542876
-1.07951
-0.347101
0.312468
-0.415184
0.148407
0.89691
1.34067
1.55188
0.732894
-0.0764388
-0.171733
-0.239735
-0.370456
-0.902049
-0.472612
-0.347064
-0.844521
-0.521544
0.160205
0.469478
0.672595
0.721496
0.764051
1.53134
0.576391
0.201151
0.0393411
0.13711
-0.245556
-0.84456
-0.615238
0.592461
-0.0299237
-0.147171
-0.206295
-0.194651
0.0466749
2.33598
-1.0683
-0.490285
0.0140032
-0.615657
-0.333175
-0.957249
0.330729
-1.24736
-0.328953
0.131881
0.0192211
-0.249816
-0.73597
-1.41898
0.737828
0.0166575
0.205303
0.107194
0.720882
0.53459
1.20747
-0.681137
-0.0487639
0.172335
-0.820867
-1.97043
-1.87191
0.160188
0.896976
0.225085
0.792425
1.28714
0.0992771
-1.46953
-0.0267037
0.556567
-0.718835
-0.277327
-0.494462
-0.180558
0.278048
0.169381
-1.95876
1.21306
0.731117
0.0716081
0.68285
0.27341
0.377475
1.16904
-0.390571
0.451409
0.330553
-1.49745
-3.61323
-3.39119
0.622416
2.18769
1.3512
0.205453
-0.436934
0.296114
0.502261
0.41816
1.15846
0.411266
-0.379686
1.55197
0.804213
-0.288246
-0.616529
0.932087
1.81898
0.147456
0.161254
0.508884
0.827967
0.257708
1.6839
-0.0840333
-0.37725
-0.931558
-1.88512
-2.74183
-2.45581
0.0214673
0.741149
0.338719
1.09399
1.74915
0.419171
0.315494
0.440927
-0.306447
1.43955
0.313989
1.4369
1.19498
0.603798
-0.523714
-2.54234
0.943764
0.266306
0.300237
0.733299
0.452661
-0.0836214
1.21832
0.459134
-0.289777
-1.08097
-1.16345
-1.20176
-0.967482
0.474731
1.35699
0.807118
1.35299
1.82612
0.413184
-0.540823
0.418286
0.0137313
1.36684
0.949568
0.516331
0.768725
1.13747
0.997825
-1.37197
-0.140136
-0.0466568
-0.00758405
0.518234
0.554571
-0.161605
0.443809
0.677506
0.507714
-0.000384026
-0.706745
-1.31346
-1.1508
0.385881
0.831506
-1.18805
-0.0588856
0.9319
0.314003
0.574583
0.644795
-0.331651
0.682437
1.00514
1.10572
1.0831
1.01749
0.772306
-0.182146
1.26275
-1.88039
0.294398
-0.103154
0.742861
-0.306767
-0.172321
0.783987
-0.292827
-0.463559
-0.42014
-0.32115
0.102452
1.34823
-0.318786
-0.632031
-0.47423
-0.112194
0.648189
-0.00427103
0.339027
0.261598
1.37812
0.54315
1.32296
1.12339
0.831815
0.753139
0.856581
-0.48129
0.126359
-0.179689
-0.208467
0.594897
-0.631964
-0.958504
0.523525
0.120637
0.0645614
-0.189662
-0.460953
-0.239007
1.00744
1.03816
-0.41336
-0.533343
-0.561157
0.414317
0.814435
0.13029
-0.213405
0.0583324
0.316748
0.971037
1.08144
1.1406
1.11017
0.713821
0.613211
-0.166172
0.0654376
-0.088064
0.0956122
-0.377152
-0.933694
0.509873
0.214616
-0.807399
-0.36554
0.315586
0.993818
1.58352
-0.712714
-0.464128
0.171821
0.595419
0.119278
-0.506896
0.0120464
0.122807
0.750775
0.908866
1.00593
1.20172
1.40739
1.47802
1.29461
0.104716
0.269482
-0.458308
-0.503448
-0.484448
-0.462772
-0.942319
0.230846
0.464295
1.2108
0.68414
0.0745635
0.0338926
0.666726
1.01987
0.667099
-0.232169
-0.824353
0.249275
0.260986
-0.112718
-0.441773
0.402801
0.0473443
0.850731
0.722688
0.499595
0.30814
0.246657
0.59416
0.550566
0.102252
0.00916687
0.156399
-0.250062
0.369914
0.1438
0.0643657
-0.212174
-0.76903
-1.29456
-0.991039
0.817671
-0.323303
0.685693
0.100821
-0.408984
0.281163
0.0641364
0.000278169
0.717236
0.264275
-0.549765
0.984476
0.961027
0.895645
0.703875
0.142332
1.56476
0.202052
-0.312031
-0.483925
-0.308514
0.020188
0.217464
0.20246
0.443275
0.564387
0.0100757
-0.631502
-0.666836
0.0260521
0.377602
0.642062
0.46816
0.318141
0.687262
0.0411571
-0.0946446
0.232239
0.631091
-0.734879
0.260535
0.495514
0.629579
0.510822
-0.688955
0.534187
0.078081
0.606979
-0.12096
0.0749078
-0.0283912
1.20044
0.0268947
0.574671
0.359826
-0.206353
-0.775712
-0.787109
0.152925
1.6086
-0.27412
-0.457958
-0.507699
0.0824033
0.317623
-0.289895
0.651946
0.720091
-0.296065
0.362261
0.357525
0.350606
0.351584
0.566815
1.33838
0.209692
-0.362406
-0.391778
0.385989
-0.203159
0.294866
-0.0600633
0.188977
-0.635753
-1.28113
-1.75006
-1.55463
0.0193826
0.598031
0.602192
0.548449
0.41748
0.0567185
-0.115847
-0.175176
1.44657
0.585436
0.620597
0.907512
0.766396
0.402074
-0.400733
-2.35249
-0.118528
0.0827241
0.422249
0.466959
0.631526
0.0500578
0.0871978
-0.0925263
0.139274
-0.0938028
-0.43203
-0.729372
-0.633201
0.431845
1.34485
0.892404
1.30342
1.65772
0.461482
0.0169923
0.248445
1.49302
0.258037
0.418694
-0.147657
-0.290993
-0.387461
-0.672295
-1.20188
0.514764
0.467263
0.40675
0.0758611
0.973929
0.303137
0.4711
-0.0427639
0.589751
0.798049
0.268807
-0.343756
-0.489382
-0.44613
1.62042
-0.758037
0.650616
1.87917
0.291876
0.577568
0.533058
1.6754
0.312659
0.160277
0.85815
0.0216589
-1.20043
-1.64063
-0.731735
1.2043
-1.7628
0.0402073
-0.239946
0.983274
0.414875
1.0813
0.2571
0.106861
0.409762
-0.176761
-0.85562
-0.796583
0.311302
0.546552
0.277607
1.08978
1.79899
0.601771
-0.113443
1.06727
1.57993
-0.028202
0.345196
0.639734
0.249193
-0.321377
-0.476897
0.769298
1.66107
-0.292881
0.543324
0.0971763
-0.111181
0.131133
1.00765
0.388636
0.340233
0.266525
-0.446336
-1.26716
-1.25256
0.169245
1.45542
0.926718
0.283903
-0.0598386
0.905581
1.36807
1.13246
1.67938
0.755371
-0.643257
1.70708
1.38633
0.766266
0.0619195
-0.391223
0.686841
-0.932024
0.0733459
0.608031
0.184194
0.465934
1.31992
0.811104
-0.388982
-1.09495
-1.43628
-1.63789
-1.31127
0.240031
0.123654
1.744
0.739789
-0.139967
0.653901
0.79678
1.22095
1.16667
-0.268718
-1.00655
0.365708
-0.209861
-1.05075
-1.29702
-0.0643851
0.625679
-0.05959
-0.0605189
-0.0716712
-0.464234
-0.0425023
0.64982
0.967253
0.262517
0.0312297
0.474293
0.987108
1.10915
1.07642
0.537128
-2.24668
-1.37839
-0.227985
0.386917
2.03674
0.766174
-0.257639
-1.59208
-0.637776
0.838282
0.813808
0.778053
0.793651
0.963192
0.116734
0.136814
0.590117
-0.343912
0.656788
0.347946
0.659708
0.984779
-0.573535
-0.832859
0.172093
1.33526
1.57773
1.17618
-0.499695
-0.217202
-0.0188949
0.265168
1.08102
0.312276
0.489417
0.536881
-0.866434
0.205643
1.30865
0.8021
0.0620464
-0.096684
0.84791
-0.252704
0.244113
-0.127911
0.0299526
-0.151824
-0.351443
-0.758564
0.553775
0.177397
0.2626
0.0657734
-0.16204
0.0761605
1.32875
0.28466
-0.645658
-0.796339
-0.835879
0.382434
1.14749
0.55686
0.153362
-1.80627
0.160549
0.237612
0.183998
0.105671
0.177603
1.00037
-0.00168632
-0.341942
-0.414741
-0.133198
0.212745
-0.382891
-0.761466
0.729898
0.34243
-0.792496
0.293317
1.55007
1.82757
1.52904
-0.222639
-0.882673
-0.848124
-0.727981
0.615968
-0.150722
0.148922
0.368163
-1.13468
0.289602
-0.232336
-0.373742
-0.456663
-0.234404
1.71172
-0.0156785
0.740262
-0.367053
0.0124003
-0.585058
-0.549164
-1.14862
0.548327
0.61895
0.45434
0.692852
0.968912
1.02995
0.969374
0.712272
-1.91239
-1.74173
-1.31406
-0.00226791
0.698798
0.147644
-0.544512
-0.986037
0.94343
-0.337257
-0.616378
-0.773316
-0.610836
1.115
0.339227
0.135788
-0.0695422
0.0887107
-0.216377
-0.0815044
0.037155
0.513697
0.220813
-0.160705
-0.159643
-0.156981
0.0884482
1.11917
-1.07946
-0.949314
-1.101
-1.22252
0.201603
0.290207
0.250317
-0.834463
-0.841775
-0.0814122
-1.07148
-0.833886
-0.322237
0.416889
1.1861
-0.386882
0.77465
-0.0667941
-0.0284625
-0.337943
-0.459896
-0.827937
0.233154
0.434749
0.539585
0.915351
1.30331
1.3718
1.14481
0.197718
-0.839205
-0.891548
-0.900279
0.115713
1.00512
-0.401682
-1.22306
-0.340159
0.40759
-0.220862
-0.313001
-0.361793
-0.182345
1.34953
0.0515834
0.674867
-0.284656
-0.0864468
-0.289263
-0.292714
-0.399425
-0.127183
-0.0329345
0.174335
0.231111
0.282505
0.500302
1.02151
-0.331214
-0.978371
-0.699544
-0.239557
0.163305
0.189249
-0.435574
-0.023545
0.550827
0.82035
0.127746
-0.722781
-1.5166
-1.5165
0.780706
0.283366
0.725456
-0.196749
0.252961
-0.495222
-0.563766
-0.637484
-0.3201
0.447038
0.826716
0.554305
0.239007
0.350951
1.15574
-0.195937
0.557085
0.247987
-0.0241766
0.141042
0.726943
-0.152165
-1.15754
0.568237
0.868428
-0.525081
-0.701293
-0.792975
-0.651437
0.7063
0.106625
1.31284
0.52786
0.292472
-0.784961
-0.19122
0.159239
-0.112842
0.412019
-0.142914
0.324027
0.86448
0.972372
0.864031
0.852775
0.42105
0.525394
0.609455
-0.255868
0.565906
-0.260365
-0.24332
0.572151
0.808841
-0.135823
-0.503323
-0.738256
-0.591194
1.30192
1.21308
0.725235
-0.267396
-0.0269566
-0.0300148
-0.192995
0.172086
-0.109124
-0.0247473
-0.430395
-0.0233656
0.447743
0.445316
-0.0540092
0.45936
0.205892
0.270053
0.322684
-0.107727
0.298593
-0.188669
0.0816313
-0.00418435
0.225127
-0.281008
-0.479706
-0.607039
-0.596935
-0.225735
-0.374952
0.303958
0.181632
0.420968
0.426136
-0.243567
0.292734
-0.0976908
0.238368
0.313991
0.83306
1.41445
1.52748
1.24542
-0.246196
-0.985484
-0.803823
-0.437421
0.15255
0.620081
-0.324935
-0.453701
-0.0451621
0.262211
-0.245296
-0.228251
-0.178275
0.0268066
0.956092
-0.128873
0.203614
-0.369149
-0.0174758
-0.678446
-0.351931
-0.813504
-0.137229
0.0741375
-0.0299901
0.375044
0.843843
0.78086
0.0256089
0.389075
0.229728
-0.418167
-0.892383
-0.584661
0.086961
-0.665053
-0.758584
-0.0648686
-0.207413
-0.164062
-0.261551
-0.403981
-0.379326
0.226579
-0.386937
0.619947
-0.37096
-0.312573
0.0562383
-0.70855
-1.0788
-0.252729
0.0226419
-0.246077
0.681413
1.75492
1.82083
0.616783
-0.21557
-1.30431
-1.1698
-0.854392
-0.149403
-0.982594
-0.766546
-0.280588
-1.36854
-1.20839
-0.844157
0.252467
1.54779
1.99209
1.44981
0.7141
0.676893
-0.197348
-0.258163
0.00132066
-0.48433
-1.05345
-0.376283
1.02513
0.426291
0.542426
0.676845
0.446664
-0.674775
0.348898
-0.468102
0.368068
1.0983
-0.192334
-1.15928
-0.940175
-1.12992
-0.420799
-0.712176
0.21598
0.458234
0.599202
0.445532
-1.74721
-1.78037
0.66133
-0.466479
-0.367865
0.206727
-0.0453359
-0.303079
-0.654879
-0.1223
1.07339
0.773725
0.320464
-0.106074
-0.454007
1.07114
1.29859
0.22347
-0.725088
-0.677116
-0.555449
-0.238021
-1.4101
0.266149
-0.199272
-1.36917
-0.72724
0.210603
0.375167
-1.05463
1.35025
1.26192
0.183876
0.534738
0.215663
-0.125871
0.528853
-0.544098
-1.26918
-0.484169
-0.779567
-1.12147
-1.12502
-0.543229
0.197953
-0.467405
0.0734646
0.542074
-0.585212
-0.849304
-0.923191
0.239902
0.0713522
-0.280444
0.753475
0.580335
0.186893
-0.450355
-1.26628
0.486707
-0.20818
-0.215597
0.073386
0.326339
0.21943
-0.332262
-0.332685
-0.0602133
-0.0512892
-0.0551857
-0.0596957
-0.00747675
0.353548
0.703359
-0.517784
-0.381055
-0.261373
-0.506304
-1.17264
-0.788569
-0.954178
0.18915
-0.365648
0.931833
0.798134
0.496538
0.032635
-0.873611
-0.84718
0.981678
-0.103304
0.598117
-1.50569
0.410052
0.546149
-0.103963
0.205839
0.199193
-0.741917
-1.83119
-1.92441
-1.03276
-0.758974
2.47247
1.32062
0.0442942
-0.287338
-0.843139
-0.22006
-0.699061
0.0226252
-1.2903
0.525368
0.471483
0.31835
-0.179839
-2.22222
-0.431311
0.162119
-0.257548
-0.234316
-0.156576
0.110953
0.463456
-0.0342358
0.40277
0.479381
0.160238
-0.210863
-0.305532
-0.308072
0.816941
-0.598438
-0.121229
0.297113
-0.376776
-1.99883
-0.102874
-0.249387
0.657063
-1.22036
0.553959
1.3467
1.87341
1.85974
-0.252403
-0.742548
0.329919
-0.0860182
-0.381549
-1.45217
-0.174689
0.121588
-0.15088
0.58745
0.68011
-0.136217
-1.08106
-1.24405
-0.641799
1.01487
0.186371
-0.994252
-1.66197
-0.508207
-0.0352649
-0.175707
-0.0828061
0.569172
-0.789517
0.238963
0.182598
0.0282889
-0.388246
-1.70091
0.29715
0.566084
-0.00136488
0.402577
0.00888476
0.142114
0.605283
-0.0907128
0.186126
-0.416262
-0.772313
-1.00847
-0.983861
-0.573372
-0.357677
0.210401
-0.116024
-0.400812
-0.0446941
-0.193213
-0.10601
0.190931
0.122986
-0.874382
0.442898
-0.297382
-1.37891
-1.73317
-0.605801
0.288149
-0.676488
-0.19629
-0.0856006
0.198912
0.00231775
0.250758
0.0384194
0.0218582
0.284974
0.384125
0.441805
0.433654
0.354147
0.478005
-0.462797
-0.711252
-0.78767
0.216698
-0.132281
-0.172081
-0.218801
0.58992
0.281191
0.0249397
-0.430886
-0.895118
-0.885017
0.392053
-1.32462
-0.073045
-0.402611
0.363677
-0.300143
0.0185327
0.206029
-0.051722
-0.15976
0.0690731
0.0558853
0.0257449
-0.10599
-0.496712
0.610321
0.153306
0.146473
0.136689
-0.210832
-0.477359
-0.090948
-0.321624
0.841209
0.372059
0.111043
-0.3083
-0.71928
-0.848614
-0.617939
-0.174
0.121162
0.154383
0.289405
0.676848
-0.00418391
0.0417044
-0.142404
-0.335803
-0.280622
0.191178
0.731254
0.825184
0.614813
0.511386
-1.16683
-0.657003
-0.00683964
0.253463
-0.07996
-0.155058
-0.375044
0.678664
0.619375
-0.501215
-0.31856
0.0628865
0.578847
1.02361
-0.273828
0.139651
0.144022
-0.107055
-0.335026
-0.255276
-0.541422
-0.213085
-0.110082
-0.219859
-0.0904775
0.0592726
0.0355633
-0.221006
0.681357
-1.3378
-0.6934
-0.129256
-0.611889
0.223806
-0.114643
-0.347821
0.25288
-0.0380151
0.0320846
0.0634371
0.0842748
0.0526135
-0.155912
0.688512
-0.244361
0.346378
0.0348689
0.569287
0.0547728
-0.508717
-0.0820628
-0.307342
-0.07947
0.490988
1.05931
1.10745
0.499986
-0.247683
-1.69848
-0.879515
-0.0298382
0.0945
-0.643435
-0.133729
-0.150295
-0.17477
-0.05925
-0.915892
-0.547658
0.104529
0.692583
0.850083
-0.502534
0.567918
0.278957
0.36887
-0.142591
-0.125147
-0.479787
-0.346989
0.308184
0.571079
0.776717
0.915938
0.880667
0.611883
0.67548
-1.79973
-0.715334
0.237879
-0.16231
0.42857
-0.391846
-0.725759
-0.25567
0.380969
-0.179733
-0.422045
-0.581511
-0.421496
1.35715
0.493175
0.0356126
0.526532
0.0735409
0.315458
0.284708
-0.0809845
-0.417834
-0.60601
-0.246129
0.196742
0.568216
0.641702
0.54663
-0.648852
-1.2525
-0.241658
0.64374
-0.0879634
-0.0986292
-0.448741
-0.608444
-0.185582
-0.136704
-0.707007
-0.522475
-0.116741
0.495859
1.20271
-0.139149
0.575403
0.203654
-0.104595
-0.0311885
0.117143
-0.37265
-0.481281
-0.0924159
0.223057
0.438622
0.581522
0.544128
0.264545
0.760385
0.137299
-0.619324
-1.02548
-0.0693555
0.568412
-0.402524
-0.987135
-0.287315
0.0511617
-0.718351
-0.707172
-0.673267
-0.455593
0.834317
-0.0476801
0.964552
0.760339
0.148305
-0.221509
0.0666838
0.0337844
-0.609286
-0.382038
-0.300599
0.0221361
0.360626
0.413789
0.183205
-0.332362
-0.0336981
0.191665
0.292771
-0.131995
0.177103
-0.634624
-1.19349
-0.644083
-0.0202012
-0.382367
0.0603931
0.707254
0.909533
0.650636
1.44195
0.0643419
0.430581
-0.230475
0.196219
-0.0141501
-0.239162
-0.732258
-0.222519
-0.537767
0.109358
0.858361
0.903495
0.318625
0.373937
-0.613851
0.189651
0.892213
0.167302
0.143231
-0.586732
-1.76403
0.353355
0.143663
-0.877276
-0.777424
-0.528847
-0.0325565
0.954258
-0.379816
0.58838
0.504685
0.121394
-0.0957504
-0.0157564
-0.0255833
-0.526
-0.497998
-0.138135
0.657117
1.4303
1.39815
0.418878
0.304621
0.0123289
1.05298
1.94802
-0.588226
0.320428
-0.895491
-1.82268
-0.239235
-0.00218454
-1.98365
-1.01307
0.404916
0.925599
0.411705
-0.257543
1.51526
0.634246
0.35429
0.617281
-0.0851757
-1.16331
-0.54771
-0.279579
0.756705
0.783184
0.79477
0.632025
-0.0691952
0.198541
0.320057
0.279986
0.172657
-0.196312
0.701963
-0.807833
-1.09664
0.218141
0.246749
0.160285
0.233451
0.340345
0.316053
-0.180009
0.410629
0.0276466
0.907741
0.379472
0.71152
0.146648
0.196246
-0.62476
-0.558271
-0.631257
-0.336733
0.00415861
-0.05255
-0.648279
-0.333214
-0.621349
0.707691
1.86143
-0.588668
-1.07441
-0.535937
-0.965385
0.470329
-0.482621
-0.991915
-0.510591
0.19261
0.303651
-0.891274
0.61625
0.20182
0.956791
0.352287
0.71389
-0.217264
-0.547351
-0.488744
-0.146262
-0.173447
-0.078887
0.03056
0.00170208
-0.234999
0.883936
0.917164
0.409688
-0.0378306
0.0448215
0.292727
-0.474417
-0.925924
0.462863
-0.594938
-0.115066
-0.124341
-0.152032
-0.29055
-0.936675
0.350599
0.314328
0.923329
0.49183
0.518046
0.192104
0.303356
-0.337423
-0.450339
-0.819443
-0.92055
-0.97502
-0.958714
-0.750351
-0.357382
0.15005
1.12335
1.71036
-0.382449
-0.558165
-0.352153
-0.649827
0.305999
-0.936591
-0.429027
-0.379875
-0.354969
-0.395012
-0.719314
-0.147857
-0.515619
0.89544
0.279631
0.759926
0.0326419
-0.112281
-0.338452
-0.370314
0.173805
0.142705
0.0934384
0.0403656
-0.0100606
0.468937
0.479899
0.0501173
-0.328125
-0.0617456
0.734985
-0.479942
-1.07931
0.578965
-0.852258
-0.367254
-0.364151
-0.362903
-0.318115
-0.045403
-0.634231
0.409224
0.612508
0.19783
0.390655
-0.0508172
-0.0834122
-0.282976
-0.422424
-0.731058
-0.668604
-0.567354
-0.450949
-0.331957
-0.69514
0.198222
0.534804
0.653459
-0.232758
0.0260117
-0.604495
-0.373877
0.0305194
-1.04229
-0.0175955
0.167211
0.267937
0.248628
0.00351474
0.906048
-0.466942
0.700625
0.250212
0.471959
0.0214523
-0.23193
-0.411233
-0.259121
-0.298679
0.0520374
0.457967
0.387278
-0.335595
0.37309
0.536845
0.466981
0.317691
0.0686963
0.674064
-0.465924
-0.924327
0.609763
-0.238192
-0.166549
-0.385734
-0.705956
-0.74466
-0.0347582
-0.204092
0.681747
0.820157
0.374425
0.253151
-0.0644658
-0.329094
-0.538918
-0.636801
-0.156466
-0.211987
-0.276249
-0.261586
-0.132337
-0.60091
0.90192
0.807849
0.573619
-0.0707344
-0.00520511
-0.58739
-0.299333
-0.0771186
0.172114
-0.445976
-0.143614
0.298128
0.364547
-0.506472
-0.0943539
0.132498
0.409249
-0.0215429
0.239352
-0.101636
-0.498304
-0.600675
0.147862
0.66331
0.613642
0.504858
0.153858
-0.747944
0.153173
0.970347
1.52628
1.76221
0.0152119
-0.400453
-0.506237
-0.673172
0.630736
0.142329
-0.241506
-0.712966
-1.13747
-1.23448
-0.433312
0.170715
-0.0557702
0.850274
0.00809842
-0.247907
0.0969547
0.377766
-0.689146
-0.470792
0.136801
-0.0376492
-0.251073
-0.333032
-0.352858
0.690018
-0.23159
0.427718
0.997102
-0.360025
-0.121925
-0.654216
-0.636109
-0.298924
0.0404013
0.187818
0.155206
0.0833342
-0.0257165
-0.100313
0.494331
0.0446928
0.263374
-0.122864
0.171138
0.00843222
-0.895075
-0.825793
-0.525409
-0.527636
0.184146
1.00798
0.954445
-0.12902
0.29473
-0.233283
0.60799
1.33996
-0.119183
-0.621706
-0.595537
-0.0611291
0.131477
-0.30811
-0.336973
-0.234633
-0.0201344
0.272292
0.595002
0.160398
0.0779144
0.665628
0.130764
0.510767
-0.0767116
-0.532149
-0.743315
-0.129498
0.280906
0.258513
0.208379
0.0221013
-0.492693
0.342334
-1.3008
-0.0836429
0.977174
-0.470496
-0.0273033
-0.607455
-0.788895
0.126316
0.144148
0.190673
0.0206774
-0.279339
-0.54703
-0.525981
0.668302
-0.521578
0.304353
0.0811766
0.655874
0.0294143
-0.558491
-0.724703
-0.708858
-0.526621
0.124682
0.811535
0.769817
-0.103293
0.196879
0.178404
0.109634
0.0623808
0.31822
-0.635295
-0.634225
-0.0492042
-0.369956
-0.562586
-0.783729
-0.890058
-0.960301
-0.814747
0.819684
0.846128
0.339012
0.526951
0.067424
0.0038853
0.0719435
-0.863571
-0.791595
-0.00494021
-0.348632
-0.0810467
0.228665
0.112901
-0.702386
0.739737
0.51386
0.0265073
-0.285072
-0.0991439
-0.142539
-0.404742
0.235712
-0.960638
-0.782175
1.04611
0.365312
-0.629317
-0.973129
0.0178046
1.57682
-0.165365
0.105421
-0.0759047
0.395218
0.218945
0.216551
-0.503355
-0.303331
-0.821734
-0.786951
-0.746691
-0.777837
-0.952487
-0.806467
0.161757
0.254587
0.343033
0.646032
0.0971126
-0.117348
0.507662
-1.02288
-0.516764
1.46769
1.28591
0.816288
-0.220643
-2.91593
-0.60281
0.265905
-0.279717
-0.190653
-0.100519
0.167048
0.160128
-0.506589
-0.622783
-1.12282
-0.606333
-0.00852959
0.0888416
-0.28898
-0.916072
-1.0291
-0.271584
0.39565
0.114474
-0.430235
-0.342088
0.753766
-1.11905
0.418795
0.981121
0.756208
0.407884
0.222367
0.0949908
-0.445272
-0.388667
-0.224822
-0.713107
-0.64959
0.0778688
0.252637
-0.321485
0.13852
0.590281
0.136962
-0.387723
-0.415575
0.0101929
-0.10892
-1.50723
-1.99716
-2.16058
0.187661
0.807917
-0.391463
0.206024
-1.98836
0.662889
0.751649
0.540678
0.232457
0.164538
0.476158
-0.475731
-0.133094
-0.288468
-0.551398
-0.462897
0.306853
0.338194
-0.363296
-0.203329
-0.664995
-0.674109
-0.678076
-0.633839
-0.442755
-1.65408
0.76124
0.266158
-0.168911
0.0268939
-0.351832
-0.453686
-0.136462
-1.51638
1.46977
1.24393
0.930447
0.587512
0.334229
0.220001
0.214778
-0.068495
-0.466353
-0.648173
-0.576136
-0.208733
-0.45814
-0.375596
-0.101805
-0.101371
-0.105718
-0.114486
-0.133738
-0.172033
-0.171904
0.95936
0.371071
-0.14535
0.139981
-0.788855
-0.203932
0.145007
-0.612039
0.835456
0.0522814
0.427093
0.974683
1.14422
0.288768
-0.485122
0.669657
-0.79946
-0.378519
-1.08782
-0.0143044
-0.542535
-0.571804
-0.0209893
-0.282359
-0.586147
-0.836634
-0.779165
-0.300823
-2.41997
0.145743
1.20874
1.60833
0.349986
0.870483
-0.477938
1.59648
-0.026828
0.940693
1.63571
1.47744
1.06586
0.139092
-2.49465
-1.90361
-0.231422
-1.49182
0.0587473
-0.0966751
0.577259
-0.579938
0.0835466
0.507233
-0.00901481
-0.43735
-0.754608
-0.762629
-0.514865
-1.77799
1.37558
-0.154031
-1.4829
0.803414
0.107669
-0.0780926
0.626792
-1.52249
0.281193
1.09796
1.06401
0.965647
0.683546
-1.99097
-4.78247
-1.18304
-0.339377
-0.237965
-0.713114
0.483571
1.52908
0.0167563
0.67793
-0.306986
-0.137493
0.0586848
0.0173049
-0.590834
-1.19791
-0.375788
-0.0683008
0.0457168
-0.304685
-0.93576
0.26577
1.13949
-0.702384
0.041233
0.131725
0.681996
1.39992
1.57194
0.632193
0.317928
-0.790489
0.316778
-0.246725
-0.332485
-0.20164
-0.485718
0.109003
0.497329
0.806623
0.415249
-0.0377403
-0.141534
-0.114139
-1.11792
0.558907
-0.436289
-1.30066
0.210207
-0.190711
-0.000689711
0.0600209
-0.201443
0.0111699
0.599286
0.659315
0.689782
0.807389
0.928016
-0.908174
-0.179655
-0.0655383
0.50539
-0.696364
-0.275015
-0.285314
0.227055
-0.116543
-0.0360683
-0.0338432
-0.0328677
-0.0528099
-0.268965
-1.68309
1.57857
0.210352
-0.991219
-0.352832
-0.426149
-0.0903497
0.564044
-1.24349
-0.242937
-0.0428677
-0.367194
-0.841025
-0.820363
0.542134
-2.55553
-0.106489
0.190688
0.183512
-0.194408
-0.24838
-0.851898
-0.0811662
0.547791
0.571843
0.485514
0.320787
0.0198859
-0.483048
-0.0382224
1.45852
-0.423955
-2.07187
-0.245237
0.317843
0.222492
0.851329
-0.257371
0.448734
-0.297176
-0.334831
-0.353112
-0.3147
0.413901
0.756729
-0.0881478
0.762863
0.725277
0.14232
0.243262
0.545339
-0.403543
0.231851
0.522384
-0.27185
-1.19112
-1.36205
-1.13708
-1.34617
0.83224
1.14182
1.22303
-0.379526
-0.469355
0.742711
2.06998
-0.439524
0.497981
-0.720558
-0.746818
-0.757877
-0.905607
-1.52285
1.19543
-0.0696064
0.0358499
0.685258
0.426495
0.601053
1.1813
-0.128646
0.521084
1.31418
0.384925
-0.690622
-0.932269
-0.783592
-0.577681
0.98554
0.671766
0.395522
0.551106
0.942783
1.12966
2.30151
0.82814
0.227804
-0.224985
-0.312802
-0.364414
-0.544944
-1.00846
-0.457182
-1.08364
-0.28708
0.880367
0.571148
0.679247
1.93107
0.0938603
-0.0224865
0.686373
0.386005
-0.0665194
-0.450057
-0.825837
-1.49047
-2.70526
-1.02738
0.939002
1.56376
1.9178
0.208358
2.59277
0.215192
-1.17781
-0.209736
-0.431696
-0.755973
-0.848056
-0.611505
-1.59652
-2.58972
0.314329
0.585937
0.808737
0.497957
2.05638
0.354344
0.538159
-0.193735
0.411659
1.11236
1.28285
