-2.15362
-0.354575
0.79611
1.35569
-0.140363
1.89694
-0.0105879
0.242436
-1.13778
-0.629597
0.0112826
0.590852
1.84089
0.849011
0.689388
0.29226
-0.883932
-0.840583
-1.90591
1.95118
0.260104
2.13509
0.853334
-1.05238
-0.15556
0.290461
0.369275
1.66133
2.16118
-0.0687951
-1.27575
-0.301604
-0.0814438
0.572589
0.433117
1.23987
-0.16453
-0.703087
0.0688919
0.215854
0.294988
1.9431
1.05038
1.61223
1.79164
-0.261587
-1.41267
-0.30806
1.6806
0.507504
1.80165
0.679888
-0.344647
0.0907151
0.0636974
-0.084892
0.914491
2.33876
1.47642
-0.274392
-0.25383
0.333423
-0.829413
0.346697
0.341481
-0.508827
-1.36993
-0.554123
-0.00977149
-0.421625
1.38916
0.740538
1.28892
1.59808
1.3267
0.173118
0.628172
0.931398
-0.525965
0.79373
0.636691
0.205332
0.284792
0.556642
3.29534
1.7883
1.64775
-0.943838
-2.03536
-0.705664
-2.47521
-0.0938553
-1.64183
-2.96326
-0.728874
-0.0440556
-0.28814
0.32277
0.459893
1.01022
2.3338
1.22587
0.465421
0.798731
3.22937
-0.926088
-1.79905
1.32751
-3.09612
-0.189297
1.2356
-0.0397458
0.0551059
1.90452
-0.305968
-0.91632
-0.940297
1.16782
1.22968
-0.627582
0.292104
-0.421399
-2.79301
0.0370276
1.52414
0.238369
-0.205093
-0.689167
-0.163127
1.04595
0.114202
-1.13046
-1.23482
3.25848
-1.12317
-3.11739
-1.37598
-3.46456
-0.969008
-0.0257432
-1.0362
-0.482358
0.216856
-0.718797
-0.74675
-0.287581
0.244518
0.430167
-0.726504
-0.109885
-0.178991
-1.18496
-0.272338
0.779689
0.486429
-0.326796
-0.675311
-1.28046
0.755659
-0.258966
-0.81033
0.265925
3.05272
-0.187989
-2.64327
-0.755013
-2.45935
-0.785091
0.276289
-0.207858
0.140448
0.171444
-1.09882
-0.621527
0.828182
0.0813913
-1.2075
-1.10173
-0.16482
-0.382958
0.657903
0.0274211
0.648406
0.372672
0.201614
-0.140134
-1.37048
0.100301
-0.521404
-1.14139
-0.770376
3.00665
-0.686847
-2.23132
0.0106629
-2.5966
-1.19248
0.966275
0.243203
0.369565
0.852916
-0.509866
-0.671493
-1.41466
-1.29276
-0.597444
-0.0655977
-1.98794
0.387642
-1.70878
0.573042
0.302873
0.111586
0.244343
0.507172
-1.96401
-1.29606
-0.929405
-0.32401
1.38584
2.6262
-0.592528
-1.70325
0.677296
-2.52753
-1.43489
-0.894427
-1.01998
0.0117059
-0.080614
0.0914323
0.439526
-0.0165168
-0.34351
0.162445
0.013849
0.860292
1.41782
-0.700706
0.757902
0.738017
0.627637
0.502563
-0.126515
-1.04538
-1.51453
0.397036
1.27524
-0.00335716
2.26553
-0.934539
-1.94689
-0.501962
-2.57734
-0.921739
-0.176077
-0.68747
0.184127
0.711389
0.63798
0.797767
0.0880605
-1.25483
-0.0985146
0.51853
1.10696
0.435542
-0.205319
1.17454
1.07251
0.148632
-0.00819433
-0.0038902
-0.563294
-0.20487
-0.137857
-0.0980167
0.00167507
0.429062
-0.0903902
-2.20099
-0.268139
-1.47517
-0.628734
0.579632
0.0935169
0.00985019
-0.216118
-0.982301
-0.218684
-0.505146
0.495721
0.554909
-0.436676
0.212166
-0.194585
0.273884
0.638872
0.982453
-0.0185685
-0.0875336
-0.305092
-0.672156
-0.148379
-0.648635
-0.675654
1.23631
0.450284
-0.0239183
-1.50116
0.0135087
-1.32903
-1.05872
0.378938
0.295806
-0.00343354
-0.199519
-0.559866
-0.216538
-0.9568
0.194028
0.591502
0.746975
-2.03015
-0.303329
-0.370846
0.632999
0.375035
-0.0687379
0.200774
0.214002
-0.377688
0.205338
-0.771166
-1.23255
0.575584
1.98207
-1.02567
-1.11329
0.160711
-1.46405
-1.21806
-0.211042
-0.0588
0.167465
0.431449
0.500075
0.546391
-0.643644
0.240236
-1.04897
-0.405685
-0.0254164
0.0740113
-1.31072
-0.266596
-0.745557
-0.0272822
0.547769
0.630766
0.677981
-0.11294
-1.20869
-1.44899
1.29817
2.07708
-0.608432
-1.44936
-0.206864
-1.95633
-0.784902
1.81641
1.75206
1.12121
2.40916
0.403901
0.168953
0.729169
1.08371
1.86812
0.572522
-0.903271
0.657692
-0.50272
0.901789
-0.357149
-0.399595
0.320483
0.994823
0.872955
-0.754856
-1.58427
-1.5643
1.65804
2.21538
-1.05022
-1.76714
-0.415145
-2.02233
-0.874906
-0.141046
-0.541585
-0.00941112
-2.05083
-2.41991
-1.12773
-0.736039
-0.899726
-0.600572
0.694928
1.20591
0.0438552
0.00258756
1.23514
0.584703
0.166287
0.141399
0.804025
1.24055
0.924677
-0.630756
-1.15586
1.49845
1.38313
-0.985647
-0.525946
-0.509938
0.0333018
-0.321788
-1.04707
-0.281777
-0.0819212
-1.58317
-1.38138
0.416078
-1.57089
-0.433871
0.462923
0.269228
-0.151169
0.964953
0.376228
0.218607
0.167154
-0.0210026
0.11564
0.408069
1.24089
2.24016
1.10042
-0.0246368
-0.425193
-0.45333
-0.744011
0.210737
0.6666
0.786485
0.118012
-0.45814
-0.108229
0.114043
-0.920693
-0.808094
0.751145
-0.387592
0.0664804
-1.32783
0.446176
-1.38393
-0.148099
0.243004
0.0631121
0.668886
0.252325
0.212592
0.499564
0.595509
1.69473
0.53107
0.00606948
1.05769
0.200164
-1.21799
0.287046
0.496696
0.830022
0.519456
0.148685
-0.0673502
-0.075624
-0.282067
-0.0329157
0.288773
-1.27335
0.280606
-1.74219
0.170504
-0.416663
0.166392
-0.545983
0.342711
0.695427
0.317755
0.462523
0.634654
0.283203
1.27875
0.288018
-0.308283
-0.371307
-0.818236
-0.925576
0.454726
0.892348
0.366583
-0.018536
0.296332
-0.0206447
0.0973418
0.410246
1.12087
0.523464
0.556183
0.529592
0.252543
0.361666
-2.0974
0.0324132
-0.767465
0.113071
0.229117
0.295388
0.478395
0.60955
-0.0493187
-0.195878
0.18384
0.379273
0.375983
1.22018
-0.751131
-0.806413
0.243896
-0.150487
0.0730907
1.42434
0.346693
0.31247
1.13784
1.49571
0.590393
0.826972
-0.461476
-0.502849
-0.0209599
-0.0505455
0.455365
-0.942115
0.211335
0.449661
0.202367
0.222536
0.910279
0.184135
-0.12212
0.802161
1.19337
-0.350603
-0.661939
0.106722
-0.0883079
0.121691
-0.560894
-0.743707
0.577216
0.048314
0.111445
0.382187
0.743508
-0.245578
0.746483
0.718737
-0.777318
0.101829
0.851103
0.161939
0.617875
0.634369
0.870018
0.551174
0.360841
0.888473
0.190655
0.805175
1.10855
1.12523
0.500652
0.33818
-0.527643
0.141344
-0.643256
-0.290015
-0.684454
-0.738381
-0.766478
-0.706141
0.0780956
0.978444
0.886501
0.460547
-1.0657
-0.384231
0.417107
-0.0307335
-0.235301
0.102381
-0.114882
0.337377
0.331962
0.313484
0.429074
0.513419
-0.0744083
0.614043
0.953531
0.051447
-0.658732
-0.282515
0.361913
0.162467
-0.202441
-0.156217
0.296703
0.19499
0.0303213
0.550506
0.565291
-0.247082
-0.307255
1.32515
-1.6094
0.000856466
-0.438588
0.364118
-1.10715
0.413018
0.282731
0.250879
0.314098
0.687985
0.274688
0.324162
-0.224401
-0.455934
0.0558154
-0.725292
0.0302111
0.439568
-0.1271
0.284211
-0.225434
-0.245238
-0.361471
-0.231759
-0.0732848
-0.157798
-1.07377
0.39178
0.0154671
-1.66984
-0.479907
-0.479094
-0.284278
-0.5864
-0.31997
-0.591079
0.016913
0.0405042
-0.515216
-0.58587
-0.036242
-0.592853
-0.856643
0.0184372
0.582093
0.12126
0.375346
0.264244
0.397694
0.532232
0.762022
0.22987
0.245155
1.38635
1.12843
0.170101
0.278197
-1.13454
-0.522011
0.366275
-0.281982
0.531574
-0.0988221
0.342435
0.391671
0.704977
0.125659
0.0571891
-0.446081
0.509983
-0.270738
-0.920988
-0.954231
0.36649
0.717142
0.0446255
0.669862
-0.762003
-0.764938
0.312773
-0.186185
0.0251428
0.322577
-0.460054
-1.72115
-0.715377
1.67998
1.18936
0.423963
0.839439
0.0841354
1.49894
-0.519077
-0.181538
0.193374
0.0610358
0.115304
-0.423115
-0.736709
0.356444
0.891891
-0.237501
-0.624254
0.598071
1.28723
0.000307722
0.913299
0.00558256
-0.298168
0.185334
0.00365602
-0.0563763
-0.14111
-0.384892
0.349925
-1.48165
-0.166987
0.103565
-0.445052
0.304573
-0.0681898
-0.631409
-0.616207
-0.0575524
-0.117077
0.430114
-0.00557146
-0.23585
0.101027
0.290655
0.0559661
-0.843578
0.533873
0.456861
0.103259
0.574902
0.328718
0.288771
0.340784
0.178886
0.555159
0.0320182
-0.210726
0.599471
0.0364959
0.375913
-0.137303
-0.290454
-0.270538
0.470001
0.0262991
-0.137128
-0.260492
-0.211599
0.0588692
0.0239567
-0.47466
-0.359169
-0.0544414
0.715599
0.77859
0.265658
0.495695
-0.359569
1.09745
0.851761
-0.33063
-0.232481
-0.347062
3.57178e-05
0.711322
0.738544
-0.118253
-1.60107
-0.600935
-0.2737
-0.399114
-0.189566
1.84851
-0.517734
-0.709675
-0.348404
-0.1119
0.0758211
0.09742
0.0618184
-0.250322
-0.247505
0.910271
-0.364398
0.121493
0.389999
0.534213
0.591936
0.728335
0.107825
0.378555
0.63526
0.980793
0.418435
-0.360676
-0.177536
-1.24471
-0.423848
-0.104651
0.419242
0.0989181
0.224782
0.353181
0.127849
-0.00875995
-0.0988589
-0.0608202
-0.101634
-0.173265
-0.59126
-0.830256
-0.788792
-0.069046
0.382445
-0.0723993
-0.978231
0.573364
-0.252418
-1.4835
-0.891634
-0.679501
-0.256293
0.444095
-0.0756493
-0.647808
0.458874
0.432931
-0.372726
-0.100525
-0.440605
1.56626
-0.550165
-0.569226
-0.24773
-0.384408
-0.301278
-0.0202281
-1.11446
-0.651134
0.294035
1.4028
-0.237213
-0.541645
0.218691
0.0721103
0.679767
0.594407
0.799826
0.723391
0.731791
1.51779
1.34139
0.352039
0.43376
-0.122025
-0.297072
0.512912
-0.529355
0.0632268
-0.548647
0.244473
0.236229
0.393054
0.0607449
-0.0455347
0.657698
-1.22994
-0.469576
-0.151387
-1.02143
-0.307763
0.766533
0.0112252
-0.88823
0.335837
-0.0193349
-0.703329
0.00483387
0.00663815
0.108144
0.741145
-0.543241
-1.95919
0.581638
0.591182
0.386854
-0.437371
-0.205871
0.733627
0.0642373
0.132085
0.548816
0.60545
0.262976
0.0586022
-1.0081
-0.340857
0.11128
0.0926922
-0.772469
-0.815579
1.38554
-0.3506
0.744418
0.736639
0.298306
0.264969
0.333244
0.733401
1.00509
0.517266
1.00902
-0.105036
-0.462323
0.51136
0.0955964
0.172357
-0.654938
0.3276
0.216692
0.474525
0.559711
0.0929666
-0.131069
-0.748337
-0.430694
-0.277194
-0.808651
-1.09142
0.474459
0.113354
-0.909315
0.526563
-0.105633
-0.337558
-0.277537
-0.110415
-0.0270811
-0.0969216
-0.341434
-0.706873
0.482345
0.374691
0.223876
-0.174837
-0.516219
0.982164
-0.102835
0.0900822
0.505538
0.608412
-0.200807
-0.720408
-0.0512614
-0.253676
-0.319978
-0.0490273
-1.01966
-0.813457
0.927575
0.035096
-0.0619603
0.118089
0.893483
0.3603
0.0559871
-0.0993088
-0.692906
-0.439207
1.41449
-0.443078
-0.947109
0.285961
0.143069
0.368523
-0.708573
0.744079
0.928157
0.672472
0.651169
0.973078
-0.851791
-0.266065
0.282596
0.385868
-0.942017
-1.01752
1.46554
-0.078954
-0.522293
0.259863
-0.44969
0.248502
0.10357
0.0668881
0.040098
-0.322847
-0.384246
-0.423654
-0.0634151
0.0610168
-0.0905686
0.369252
-0.452111
0.504986
0.319298
0.638748
0.136013
0.220974
0.806801
-0.645065
0.0334209
0.0569735
0.0413399
-0.42913
-0.898347
0.487026
0.738563
0.668999
-0.159137
-0.252974
0.477191
0.296623
0.0841905
0.00137351
-0.750377
-0.426879
1.40505
1.06671
-0.274884
-0.12132
0.833608
-0.179238
-0.385299
0.0594828
-0.768391
-0.187482
0.353694
0.454163
-0.940092
-0.208938
0.238217
0.38308
0.153366
-0.185784
0.938635
0.499579
0.159444
0.38782
0.360226
-0.081936
-0.228925
-0.251002
-0.674173
-0.0871701
0.942358
1.13725
-0.183298
1.01735
0.381819
1.37643
0.0854296
0.00338864
0.0863616
-0.324496
0.127397
0.264688
-0.0092104
-0.132711
0.0305373
-0.0886036
-0.348895
-1.10214
-1.44266
1.03868
0.510521
0.442057
0.662499
0.0120765
-0.143135
0.411611
0.407035
-0.0920293
-0.724332
0.0554673
0.482366
0.164822
1.45362
0.895948
0.269622
-0.386314
1.48348
0.0347324
0.306621
0.172035
0.291917
-0.191379
-0.536886
-0.610944
-0.0448242
0.583246
0.624921
-0.860148
0.512596
0.435441
-0.0580679
0.711518
0.451553
0.201409
0.290638
0.307284
0.21125
-0.346486
-0.3643
0.0815727
0.104341
-0.760483
0.0277315
0.494525
-0.317792
0.324586
0.00285167
0.105227
0.341002
0.355195
0.133813
-0.853616
-0.363032
-0.409886
-0.432632
-0.405505
-0.244765
0.863895
0.357631
-0.461667
1.01912
0.854404
0.168914
0.241321
-0.00031197
-0.262355
-0.135
0.323614
-0.200586
-0.426988
0.783558
0.296718
0.210487
0.0562277
1.43261
-0.305736
-0.186092
0.252999
0.0800365
0.251115
-0.121524
0.42669
-0.0827756
-0.332879
-0.169547
-0.972715
0.697492
0.710949
0.276056
1.04053
0.451325
0.58938
0.56322
0.274442
-0.0674691
-0.391894
-0.379667
0.75096
1.33362
-0.347577
0.280581
0.306128
-0.425816
-0.451725
-0.499052
-0.694392
-0.113954
0.113106
-0.00493599
0.145351
-0.171044
-0.277444
-0.540036
-1.24178
-0.370194
1.04898
0.0651186
-0.0485129
0.2759
0.205796
1.39614
0.964044
0.413204
-0.088363
-1.06588
-0.305067
0.879521
-0.688454
1.05538
0.429323
0.986551
0.194668
0.802204
-0.350795
-0.278903
-0.183496
-0.00972784
0.400826
-0.38463
0.467744
0.452508
0.285404
-1.18241
-1.29437
0.589773
-0.256187
-0.343317
-0.14586
-0.356297
-0.433562
-0.50354
-0.690616
-0.371138
-0.0749523
0.0188705
1.05058
1.38053
0.383706
0.416533
0.826313
-0.162014
0.204174
0.34324
-0.0681632
0.016929
0.0964281
0.272867
-0.400989
-0.104793
0.167679
0.168781
-0.582106
-0.01886
0.221686
0.0838159
0.0165729
0.299829
0.106188
-0.44739
-0.330807
-0.235088
-0.378301
-0.361915
-0.798628
0.175217
-0.683976
-0.522913
0.579374
0.0611498
-0.0471517
-0.733828
0.368954
0.95436
0.734948
0.051226
0.553621
-0.0650101
-0.175729
-0.257521
-0.612587
-2.05691
-0.597283
1.21168
-0.0823743
-0.348534
0.223086
-0.577194
-0.962075
-0.85157
-0.455872
-0.549599
-0.126591
-0.766385
-1.04871
0.320529
0.575382
0.0251123
0.553974
-0.232492
0.206297
-0.505123
-0.398897
0.131636
0.324736
0.657145
-0.0728358
-0.261528
0.113514
0.219254
-0.788494
-0.775632
0.584488
1.02995
0.421643
0.148458
-0.122528
-0.00520421
-0.247565
0.00147851
0.240384
1.05049
0.851078
0.99713
1.10558
0.378075
0.0440205
1.03457
-0.271643
-0.341096
0.113573
-0.211834
0.291095
0.0913366
0.207644
-0.00631441
-0.50268
0.119564
0.313591
-0.8698
0.0173969
0.618325
0.564948
-0.290286
0.638499
0.604742
-0.320765
-0.464002
-0.454564
-0.531428
0.364037
0.808039
1.77704
-0.921837
-0.0571993
-0.664824
-0.084739
-0.380301
-0.579699
-0.907571
-1.07344
-0.321968
-0.00713475
-0.454404
-0.479544
-0.62025
0.136048
0.541205
-0.135924
-0.941914
0.853572
0.265735
0.352921
0.189289
0.842571
1.11165
0.5581
0.428508
1.09093
0.81203
0.0243016
1.08949
1.26283
0.954371
0.301503
0.294316
0.166452
0.609413
0.530546
0.399253
0.398399
0.106654
0.138971
-0.326485
0.226588
0.959122
1.15286
0.0166188
-0.0632296
0.629225
-0.258363
-0.70286
0.2587
0.210948
-0.919204
-0.822807
-0.46133
-0.783101
-0.196278
-0.629264
-0.940923
-1.35541
-0.536312
0.124467
1.28408
-0.398604
0.0525752
-0.10924
0.0138371
0.00288728
-0.0432945
0.124421
0.252328
-0.370072
-0.00522582
0.139578
-0.754529
-1.10031
0.461492
1.2435
0.49483
-0.278974
0.0294304
-0.393467
0.0744173
0.155361
0.127166
0.316148
1.00413
1.86535
0.548968
0.748607
0.0601233
0.913112
-0.530661
0.420205
-0.0992921
0.522318
0.258496
-0.00978333
0.0110063
-0.324816
-0.874045
-0.185795
0.201358
-0.108135
-0.998646
0.49625
0.153759
0.229059
0.0293092
0.0842299
-0.204378
0.010331
0.0715442
0.0185521
-0.0212702
0.0363893
1.27544
1.47801
0.212176
-0.594176
0.607361
-0.300013
0.276606
0.0474088
-0.0772003
0.0698536
0.0454939
0.0609374
-0.7784
-1.04385
-0.310961
0.0538308
-0.347226
0.00499021
0.505879
0.0768879
0.0118389
0.159951
0.142736
0.291156
0.121176
0.0528634
-0.296513
0.0708068
0.520876
0.683617
-1.69802
-0.481612
-0.46191
-0.20731
-0.00691536
-1.21718
0.0534729
-0.441815
-0.0405311
0.221373
0.19688
0.112518
-1.25428
-0.257889
0.21744
-0.796945
-0.740484
1.01225
0.485119
0.56894
-0.228084
-0.303633
0.492042
0.808134
0.84467
1.08259
0.910551
0.498693
1.5991
0.881408
0.891778
0.763125
-0.915078
-0.122468
-0.614069
0.744128
0.36605
0.445798
0.403226
0.962052
0.754357
-1.04139
-0.181273
0.258123
-0.181843
0.0821594
1.65238
0.196391
-0.18303
0.181817
-0.388574
-0.511023
-0.0917908
0.0532494
-0.54831
-0.578891
-0.804981
-1.24723
-0.146357
-0.665305
-0.571812
-0.554218
-0.278625
-0.923329
-0.798367
-1.02713
-0.318855
0.053413
0.435907
1.22502
-0.281057
-0.825405
-0.950967
-0.474863
0.243957
1.91661
0.576562
0.139941
0.581364
-0.207978
-0.211543
0.917363
0.945802
0.829091
0.634041
1.28503
1.29123
-0.764702
0.422021
0.579167
-0.494743
0.107059
-0.434267
-0.0636394
-0.767346
0.100946
0.364639
1.31473
2.0001
-0.0484278
-0.3169
-0.324698
0.0360678
-0.294024
1.10708
1.00086
0.626808
-0.193084
-0.694951
-0.509375
0.297103
0.212143
-0.522155
-0.860369
0.116749
1.0829
2.27231
1.38876
-0.49556
0.508026
-0.239315
-0.740971
-0.186432
-0.64625
-0.115586
0.371142
1.43983
1.75768
0.36478
0.68534
0.833773
0.345437
0.118641
0.75776
1.19976
0.160262
0.250536
-0.117806
-0.520422
0.287884
-0.100874
-0.884963
-0.732487
0.995686
1.80396
-1.56675
0.491006
-0.559435
1.03257
-0.295195
0.0341315
-1.65018
-2.57984
-1.08818
-0.0112085
-0.286076
2.63101
-0.129954
-0.357091
-0.155923
1.56775
-0.849008
-0.980572
1.46257
0.473282
1.42711
1.76344
0.994821
2.04354
1.80669
0.765473
0.270216
1.36258
0.97923
-0.474422
-0.455233
-0.173179
0.85058
0.0817237
-1.39149
0.0914489
-0.257743
0.403427
0.618139
0.441806
2.42605
0.3834
0.681082
0.637671
-0.999267
-0.5022
0.480723
0.647442
-0.132707
-0.0111418
0.229145
0.221271
0.620139
0.62861
0.54007
-0.215412
1.59244
2.95053
1.31166
1.03118
-0.0424705
0.625245
-0.206606
-0.833427
-0.101487
-0.484295
0.382222
0.242184
0.454796
1.31711
1.21922
2.03381
2.25344
0.353301
0.342462
-0.0415404
0.0954234
-0.518827
0.811839
0.420329
-1.73437
-0.408763
-0.142153
-0.804921
-1.70996
-0.587318
0.386453
0.477463
1.02301
-0.117685
0.547307
-0.156811
0.980672
-0.761956
-0.718459
-0.23607
0.0422594
-0.376701
0.231481
0.795437
0.488044
0.37093
0.64732
-0.523904
0.153044
0.767212
-0.108215
0.486403
1.07087
0.474376
0.402371
0.182702
0.27486
-0.469495
0.348102
0.956308
-1.03865
0.939998
-0.217834
0.301744
-0.221313
-0.131678
0.108701
0.42257
-0.115412
0.0204962
-0.284081
-0.330445
0.934165
0.0707429
-0.747312
-0.95392
-0.112807
0.40643
0.280224
0.046961
0.745179
0.980072
0.270954
0.288819
-0.130332
-0.899931
-1.12999
-0.526144
-0.48177
0.549057
-0.55009
-0.22506
-0.0790708
0.137706
0.802468
0.229463
0.460739
0.180955
-0.0982284
-0.921384
-1.30017
-0.296439
-0.442921
-0.454928
0.0202631
-0.401887
0.614006
0.742659
0.600596
0.280649
0.478278
-0.273545
-0.374065
-0.409675
-0.527253
1.1777
0.984388
-0.750208
0.591808
-0.795454
0.159004
-0.206531
0.0510039
-0.305125
-0.0703749
0.422375
0.0906665
-0.154902
0.00171714
-1.38447
0.366327
2.05147
2.29579
-0.815114
0.138203
1.19659
-0.614453
-0.00929762
-0.516119
0.347863
0.459763
-2.41213
-4.03522
3.3542
0.639016
0.897845
-1.41301
0.633734
0.979478
-0.334767
2.71878
0.338895
1.05223
-0.355948
-0.558575
-4.21632
-10.5182
-7.90094
-7.46821
-3.70635
-0.137821
3.22941
4.948
0.355608
-1.66964
0.221828
0.121002
0.370928
0.772231
0.796159
2.06676
2.91342
-0.43089
0.253685
-0.0540941
0.911638
-1.94622
-1.30503
0.101418
1.63733
0.0612232
-0.798687
0.584832
1.29257
0.201827
-1.00094
-1.03613
-1.3111
0.343097
0.233951
0.0032627
-0.260503
0.0191488
-0.857418
-0.44465
-0.958943
-0.671742
-0.130664
-0.98477
-0.917626
-0.277313
-0.396505
-0.107745
-0.0606817
0.265806
1.46683
1.42551
0.329544
0.483224
-0.535631
-0.433072
-0.462487
-0.466991
-0.758888
-0.804008
-1.62863
-1.68775
-1.05086
0.660495
1.4717
1.07284
-0.0843968
-0.730575
0.308595
-0.180103
0.3715
1.03407
0.59915
-0.213223
-0.203826
-0.262383
0.190921
0.729648
-0.256862
-0.518656
-0.47654
0.112072
0.254131
0.336414
0.502388
0.0398447
0.1559
0.273846
0.186653
0.133479
-1.14283
0.0386016
0.218855
0.704714
1.95359
-0.623398
-0.476024
-0.0675214
-0.238093
0.244724
0.498204
-0.0820364
-0.578436
-0.254625
0.188554
0.787206
-0.212033
-0.509061
-0.757787
-0.227874
-0.392861
0.130175
0.00737632
-0.0882277
0.0838726
0.329357
-0.241043
-0.110749
-1.0223
-1.34948
-0.300796
0.454136
0.718789
0.423196
-0.825159
-0.301479
-0.378391
-0.466852
-0.927891
0.185981
0.405535
0.0802581
0.088081
0.525692
0.909543
-0.272898
-0.170519
0.467859
0.500115
2.63091
3.54954
1.22171
1.6008
0.833652
0.837136
0.349185
0.350724
-1.10609
-0.127327
-0.365243
0.389295
0.75237
-0.4539
-1.45677
-0.363323
0.136137
-0.759155
1.10349
0.666137
0.257834
0.389984
-0.195609
0.000580068
0.74535
0.32273
-1.83127
0.661875
-0.24843
-2.13868
-0.717438
-0.0258109
-0.500075
-0.668302
-0.795758
-0.510454
0.247847
0.732291
0.0781686
0.235639
-0.0624009
-0.57351
-0.917592
0.628204
0.977395
1.27928
1.48227
-0.171445
0.355845
0.432115
0.316181
-0.100388
0.30456
1.84144
0.86896
0.852055
0.461582
1.40328
0.0925078
0.439243
-0.1502
-1.07138
-0.203149
0.118781
0.087127
0.409424
0.325048
0.537867
0.260918
0.399116
0.792698
1.53097
-0.237339
-0.951519
0.257865
-0.298248
0.234499
0.12878
-0.182029
-0.615139
-0.486722
-0.5984
1.34103
1.30335
-0.380334
-1.64438
-1.28815
-0.22879
0.814356
0.434638
-1.36346
-0.0512848
-0.08925
0.179165
0.443291
-0.0544499
0.864093
0.351308
-0.35147
-0.638892
-0.486961
-0.388142
-0.351839
0.479642
0.288385
-0.2425
0.021665
-0.15946
-0.163878
0.0767958
0.247602
1.1615
1.30206
2.14107
1.09646
0.0835049
0.00716569
-1.07355
-0.257645
-0.519556
-0.187315
0.011749
-0.0503186
0.245173
0.364209
0.234715
0.419854
0.301476
0.23369
0.248595
0.336211
0.160422
-0.0688141
-0.250088
0.491501
0.728504
-0.192532
-0.330388
-0.086842
-0.368788
0.307499
0.356478
0.384597
-0.738591
-0.831456
-1.14445
-1.8836
0.0299259
-0.573929
-0.351044
0.00500481
0.125366
0.110476
0.558918
0.55475
0.297614
-0.133842
-0.116608
1.22873
-0.557961
-0.134704
-0.200712
0.263732
0.157215
0.636072
0.0622236
-0.090239
-0.110622
-0.256258
0.647478
0.476943
1.43578
-0.42345
1.03656
-0.341705
0.0278012
-0.0622274
0.512188
-0.172374
-0.119299
0.139934
0.0774013
0.548035
0.262484
-0.00191834
-0.501027
-0.475617
1.34211
0.0803425
-0.400671
0.196962
-0.45925
0.328387
0.463927
-0.0252449
0.271429
0.22038
-0.532696
-0.464508
0.365559
0.750491
-1.39111
-0.460076
-0.269291
-0.80571
0.462095
0.764784
0.112387
0.121925
-0.129731
-0.291844
0.391504
0.0228429
0.253221
-0.448048
-0.729389
0.0504683
-0.791757
0.0522841
-0.0792902
0.35434
-0.263791
-0.306833
0.00745576
0.360941
0.194501
-0.580236
-0.661214
-0.218727
0.582966
0.670979
0.605542
0.812728
-0.396665
-0.0681349
0.958442
-0.0503601
0.00976579
-0.230933
-0.0912712
0.199084
-0.0355474
0.0557839
-0.886554
-1.07114
1.57655
0.0495249
-0.963868
0.161431
0.366233
-0.00259401
-0.03265
0.145638
0.0753931
-0.0581121
-0.34039
-0.364235
-0.548468
-0.123269
-0.891333
-0.751056
-0.612797
-1.32015
0.265187
-0.434163
0.00183717
-0.225275
-0.193568
-0.126872
0.0774553
0.218966
-0.15538
-1.44104
-1.81975
0.22416
0.0436827
-0.0296682
-0.577973
-0.547284
-0.32793
-0.666467
-0.592469
-0.417021
-0.213018
-0.159368
0.483375
0.86177
1.51803
0.767731
-0.00931381
0.407351
-1.13187
-0.0213594
0.246111
0.305899
0.0484384
-0.0232666
0.157211
0.446709
0.316247
-0.494927
-0.782689
-0.734117
0.254253
-0.368108
-0.68019
-0.130546
-0.209767
-0.231959
-0.0832113
-0.149048
-0.0819809
-0.0811491
-0.108551
-0.0888834
-0.494006
-0.24797
-0.125978
-0.125719
0.347262
-1.59989
0.623877
-0.210596
0.343152
0.115316
0.103506
0.349197
0.733955
0.804107
-0.141743
-1.31552
-1.65825
-0.378928
-0.0744622
0.455918
-0.190257
-1.03325
-0.110929
-0.459858
-0.672892
-0.12995
-0.127931
-0.191849
0.118737
0.0236756
0.384428
0.272769
0.311899
-0.844712
-2.48376
-0.157039
0.210909
-0.473852
-0.366326
0.0545712
0.224785
0.513232
1.05941
0.195227
-1.22454
-1.57043
0.488469
-0.188016
0.351606
0.351922
0.13242
0.0524619
0.111136
0.0570846
0.422787
0.152992
-0.601763
-0.127334
0.235226
-0.0943242
0.310204
-1.87475
0.198769
-2.40712
-0.218162
0.0636919
0.202657
0.200014
0.390416
-0.166772
-3.43025
0.211904
0.044716
-0.3907
-0.550777
0.0806723
0.338025
-0.0912527
-1.31369
-0.228417
-1.09012
-0.809969
-0.218354
-0.19762
-0.322451
0.100118
-0.624364
-0.341108
-0.900016
2.91131
2.60723
0.92236
0.932224
0.489202
-0.108862
-0.456089
-0.368709
-0.264991
-0.53902
-2.15528
0.262844
-0.72661
-0.584545
-0.65298
-1.70582
-0.576888
-0.0796428
-0.108185
-0.879726
1.50579
0.710966
-1.5882
-1.40462
-0.899996
-1.60595
-1.0428
-1.25317
-4.09295
0.8033
1.61238
-0.721939
-1.02114
-0.454597
0.312577
-2.27373
-1.91697
-0.339937
-0.0133878
-1.88844
0.660883
0.176745
0.929831
1.08176
-0.903366
0.121019
-0.79223
1.09739
1.4606
-0.198081
-0.00922299
0.902015
0.0663437
0.324477
0.814339
0.189776
-0.057345
-0.710356
1.59285
0.521369
-0.197771
-1.20286
-0.284666
-0.906204
-0.711066
-1.0837
0.0490503
0.0131461
-2.53177
-0.109481
0.472321
0.361071
0.223412
0.227234
0.53184
-0.997287
-0.519545
0.498524
-0.705557
-0.305688
1.00047
0.290211
0.265169
1.43018
0.502047
-0.144082
-0.502616
1.26549
-3.66949
-0.151908
2.00593
0.208563
-2.40031
1.0121
0.791086
0.504419
0.0103833
-0.0391091
2.86689
3.733
0.257379
-1.64716
-0.148641
0.9465
-1.50752
-0.693148
0.2165
0.113436
-0.483439
-0.933882
-1.25111
-0.828813
-0.358383
-0.461867
-0.65611
-1.51796
0.502058
-1.59789
-1.08783
-0.397673
-0.85798
-0.962776
-0.56079
-0.898008
-0.488937
-0.202506
-0.512244
0.935075
0.673951
-0.389298
-0.88057
-0.478331
-0.977796
-1.98828
0.7456
1.75183
-0.0696442
-0.042864
0.188873
0.0337145
0.33513
0.475015
0.853444
1.02678
-0.162405
2.39958
-0.0316998
0.122569
0.343305
-0.769289
-0.488786
-0.760117
-0.658811
0.0319314
-0.310581
-1.34014
-0.159047
-0.878264
0.918215
1.85908
0.177156
-1.49579
-0.0294035
0.56294
1.01116
-0.639293
-0.351873
0.997242
-0.12871
0.058579
-0.0584962
-0.317416
-1.01104
-0.922308
0.0696213
-0.907847
-0.631804
-0.817319
0.110844
0.233005
-0.0680385
-0.707057
-0.862928
-0.895493
-1.15689
-0.0515679
-0.453389
0.179145
0.492633
-0.24875
-0.566109
0.491408
0.2797
0.948172
0.931265
0.618716
-0.559786
-0.042234
0.245447
0.663985
0.0845557
-0.184684
-1.67113
0.69749
0.23626
0.239176
-0.0261246
0.464447
0.0736197
-0.0787021
0.0343813
0.159832
-0.301845
-0.328832
-0.224087
-0.661921
-0.13407
0.120194
-1.15258
-2.78777
1.07943
0.766825
1.35716
0.244574
0.085144
-0.423668
-0.497561
0.312908
0.55696
0.239212
-0.593235
-1.8124
1.33006
-0.438867
0.0239319
0.177871
0.231472
0.691446
0.300086
1.20066
0.564595
0.198799
-0.102852
-0.402681
-0.882436
-0.569255
-0.0375335
0.236339
-1.13235
0.99484
0.341426
0.351959
0.647737
0.561248
0.361668
0.179106
0.501821
-0.3981
-1.38403
-1.74831
-2.76667
-0.395191
-0.885567
-0.351239
-0.627271
0.181605
0.107164
0.142321
0.369121
0.233428
0.0651765
-0.0411045
-0.0197425
-0.141326
0.0444112
0.607185
1.62823
-0.45254
0.918518
0.241718
0.0200046
0.793943
0.168907
0.591286
0.244518
0.335585
-0.418884
-0.685652
-0.912421
-2.99906
1.29442
1.95334
-0.502434
-0.857901
0.261858
0.47338
-0.390876
-0.0604895
0.0293631
0.220872
0.0940251
-0.380355
-0.895116
1.6767
2.71673
-0.477147
0.499748
0.442966
-0.0524413
-0.117315
-0.555754
-0.8238
-0.585789
-0.385102
0.118469
-1.08607
-1.67053
-0.442401
-2.24513
-0.742249
-0.582842
-0.085901
-0.024208
-0.831608
0.209644
0.568218
0.720809
-0.0358664
-0.117722
-0.389691
-0.67172
0.0301026
-0.1074
-0.743511
-2.31277
3.24575
-0.0325924
-1.57096
0.437569
-0.920033
-1.08918
0.109818
-0.521034
-0.550737
0.0932652
-1.63891
-3.31565
-1.35592
-0.273179
0.705255
0.197569
-0.0898183
-0.124755
0.156698
0.416234
0.259656
0.439279
0.0731331
0.0500139
-0.0975591
-0.432938
-0.514401
-0.472775
0.993719
2.8669
0.232614
-1.16312
-0.315215
-0.465849
-1.0858
-0.577897
-0.237994
-0.576962
-1.19592
-1.15688
-2.12814
-0.657396
-0.689266
-0.863296
0.31793
0.307269
0.138816
1.02895
0.0860341
-0.164531
0.274902
0.264228
0.822226
0.434738
0.398981
-0.911423
-1.53313
0.303645
1.28299
0.111966
-0.563125
0.581001
0.850053
0.180702
0.620851
0.741915
-1.00613
-1.94637
-1.49448
-2.00049
0.0572961
-0.112077
0.050689
3.87941
0.6808
0.802107
0.477457
3.45833
3.79024
3.15366
1.05573
3.16774
1.82022
0.557369
0.467876
0.240022
-1.34471
-2.25436
0.224765
-1.16833
-5.0778
1.46794
-2.38674
-6.77157
-3.8611
-5.95456
-7.26388
-2.58563
-0.0967515
-0.684925
-1.62597
0.193061
-8.37581
1.82732
-12.2686
-0.231962
-11.3402
-10.5281
-11.902
-7.61039
-6.04046
-5.65131
-4.12708
-0.863357
0.174848
-3.17941
1.04045
6.09707
8.34632
8.08913
8.3108
9.20761
8.60309
10.2761
6.07635
0.513756
0.00284094
0.609321
-1.11061
0.0251691
1.54103
-1.39414
-1.74792
-1.25113
-0.118675
-2.33522
-2.01327
-2.24284
-0.49463
-0.157222
-0.0186314
-1.28309
-0.551303
-0.136692
-0.253938
-0.323342
1.16847
1.04071
1.49969
0.372772
1.03515
1.40756
2.39267
0.789159
-1.03815
0.106266
0.496937
0.131649
-0.400365
2.39419
-1.05757
-1.65753
0.338452
-0.26631
0.239523
0.361673
0.368099
0.676984
0.72691
0.770673
0.125016
-0.0815207
-0.134011
0.0487237
0.359964
0.286748
0.64611
-0.190792
-0.140161
-0.154132
-0.460355
0.114207
-0.39894
-1.6428
-0.485666
0.0315376
0.115697
-1.9318
-1.93079
2.63591
-0.682865
0.0649759
0.120134
0.796799
0.415556
0.193054
0.26822
1.11098
1.41214
-0.867384
-2.49648
-2.77899
-0.446264
-0.859852
-2.87668
0.146886
-0.253574
-0.604732
-0.432297
0.34235
0.332307
-0.252556
-0.907165
1.062
0.0405082
-1.06724
-0.896051
-0.157612
0.530342
-1.21997
1.46152
-1.31226
0.178335
0.210355
0.514098
0.591194
0.669928
-0.0723271
0.646265
0.16353
0.0169734
0.947203
-0.56354
-2.24783
-0.150193
0.133074
0.015184
0.170649
0.570518
0.608472
-0.00599214
-0.656995
-0.595732
-1.2348
-0.165657
-0.845866
1.29172
3.41549
0.720666
1.43764
-1.01345
0.994038
0.0737749
0.259982
0.388613
0.0110867
0.201339
-0.481063
-1.53165
-1.86046
-0.903454
-1.72657
-2.99593
-0.593231
-0.314681
-0.786781
-0.866101
-0.501133
-0.437055
-0.730945
-1.41427
0.0126796
-0.463689
0.175912
-0.0290399
1.88846
-1.42954
0.717826
0.580549
-0.971815
0.172745
0.21492
0.863833
0.523859
0.228634
-0.133355
0.262544
-0.0157081
-0.129883
0.204769
-0.256113
-1.18069
0.0608706
-0.934567
-0.0161851
-0.363632
-0.704784
-0.847872
-0.523941
-0.360169
1.17456
0.257454
0.175239
-0.444999
-1.51934
1.03301
0.90357
-0.00913831
-0.296441
0.566782
0.0439001
0.204621
0.272989
0.350177
0.356901
-0.588505
-0.642136
-0.580887
-0.102631
-1.44698
-1.92411
0.628397
-0.323641
-0.268012
-0.425041
-0.265106
-0.0151487
-0.0696275
0.253369
1.55275
-0.303029
-0.656341
0.121315
-0.547263
0.507732
0.6137
0.843344
-0.747904
0.879999
0.0804768
-0.136907
0.0304292
0.162345
0.754027
-0.253972
-0.792453
-0.86508
-0.128252
-1.2037
-1.89953
-0.318573
0.0740015
-0.486165
-1.05301
-0.593267
-0.413301
-0.648363
-0.633348
0.556144
0.0551084
0.366529
0.690822
1.7589
-0.992811
0.451141
0.433727
-0.539539
0.0604724
-0.212653
0.219093
0.380365
0.31169
0.511531
0.0421502
-0.0321015
-0.00649955
0.286966
-0.520121
-0.990636
0.131848
-0.670501
0.41351
-0.247171
-0.624435
-0.860473
-0.368973
-0.0196395
0.550875
0.736519
0.48322
-1.40797
0.563998
-1.09635
-1.48923
0.685084
-0.282315
0.0777595
0.146699
0.460383
0.35613
0.238197
0.253379
0.439805
0.310837
0.0281956
-0.5791
-0.818845
-0.77221
-0.620447
-0.0815753
-0.579483
-0.770714
-0.582837
-0.327182
-0.145779
0.0168517
0.345866
0.340556
1.91211
1.39099
1.4157
-1.15632
-0.574234
0.248052
-0.412728
0.235143
0.447399
0.132902
-0.0220455
-0.0473421
-0.0036613
0.731035
0.690866
0.562749
0.243137
0.29097
-0.101086
-0.590944
-0.824093
-0.247733
-0.285018
-0.71444
-0.910842
-0.429421
-0.451869
-0.11767
0.85404
0.951622
-1.48077
0.395536
-0.959734
-0.808049
0.584592
-0.415738
0.315755
0.406422
0.168655
-0.212151
-0.170315
-0.0352877
0.369766
0.293407
0.011149
-0.807735
-0.481169
-0.597025
-0.778922
-0.272172
-0.840771
-0.774514
-0.423452
-0.325499
-0.13932
0.0430644
0.462725
0.631239
1.75607
1.55159
0.99994
-0.6004
0.0517781
0.340501
-0.0562598
0.829916
0.433307
0.232337
-0.123327
0.410961
0.258179
0.0807624
0.560212
0.751249
0.123429
0.222781
0.0631429
-0.596104
-0.645896
-0.334293
-0.407139
-0.256131
-0.21507
-0.0768705
-0.102782
-0.601676
-0.39448
0.686545
-1.63502
0.290235
-0.316514
-0.389659
0.409124
-0.323581
0.472567
0.233362
-0.0448427
-0.208234
0.358306
0.551175
0.0426337
-0.00450415
-0.235696
-1.29956
-0.0284226
0.294872
-0.751788
-1.08559
-0.683474
-0.798585
-0.628055
-0.33981
-0.0445195
-0.229548
-0.433553
0.0558791
-0.155575
-0.257969
-1.37104
0.127004
0.903496
0.00518018
-0.238148
0.214846
0.240201
0.00295831
0.159001
0.340429
-0.0264171
-1.16369
-0.100461
0.306623
-1.08084
0.161011
0.135575
-0.302769
-0.141356
-0.352901
-0.384071
-0.176314
-0.223834
0.0956936
0.133727
-0.134256
-0.61222
-0.954923
-0.252104
-0.871687
-0.345638
0.214157
0.256353
-0.617297
0.17318
-0.0998822
0.0721329
0.325865
0.512065
0.401413
-0.170784
-0.277794
-0.263892
0.0527167
0.0598192
0.145824
-0.28782
0.209166
-0.618967
-0.605211
0.0397272
-0.0271929
-0.279352
-0.420811
-0.414107
0.566353
0.972604
0.289121
0.0465435
1.30042
1.08981
-0.582943
0.179571
-0.543327
-0.382324
-0.258155
-0.561377
-0.785107
0.520562
-0.0377813
0.912058
1.14907
-1.09595
-0.270207
-0.542218
-0.0169287
0.213637
0.536426
-0.429539
-0.630112
-0.459443
-0.609228
-1.53033
-1.76131
-1.22904
0.048252
-1.65603
-0.49104
-0.357292
0.800791
0.45876
-0.722173
0.581776
0.629692
0.400826
0.46596
0.950604
-0.00932121
-1.95276
0.132399
1.17395
-0.34416
-0.365476
1.0363
-0.243224
0.045736
-0.17208
-0.658854
-0.27787
-0.222234
-0.30568
0.105349
0.228112
1.04256
1.43621
0.526718
0.503637
0.12979
-0.358455
-0.905269
0.33771
-0.54018
0.387966
0.137356
-0.220243
-0.207577
-0.566362
-0.48401
0.834667
1.26665
-1.02904
0.2389
0.570019
0.0425265
0.0128528
-0.00766841
-0.373858
-0.762265
-0.44219
0.206259
0.112823
-1.19445
-0.936838
0.670662
-1.79892
-0.0722319
-0.587413
-1.03811
-0.292176
0.564436
0.113415
0.337035
0.159868
0.00588787
-0.143691
0.125426
-0.989506
0.378676
1.10796
0.304748
-0.105755
0.632303
-0.343997
-0.962343
0.098167
-0.0230311
-0.747102
-0.553212
0.201355
0.134024
0.0406884
0.480418
0.421881
-0.363502
-1.05682
0.978505
0.686489
-0.582904
2.23521
0.344204
0.592102
-0.147918
0.00149229
-0.0727272
0.657696
0.636046
0.266334
-0.192616
-0.683457
-1.04702
0.405037
-0.0996949
-0.314647
0.608672
0.57483
-0.315494
0.198456
0.0923935
-0.224761
-1.09474
0.0591341
0.4962
-1.74691
0.243046
0.661943
0.0295752
0.261754
2.80319
-0.101548
0.212286
0.108889
0.218011
-0.335996
-0.364066
-0.586638
-1.03092
-1.12333
-0.0332252
0.347123
0.696424
-0.932464
-0.761852
1.24504
0.905649
-0.440156
-0.44917
-0.629118
-0.63554
-0.38461
-0.0631413
-0.982955
1.47583
1.35818
0.0425435
-0.450078
0.393839
3.61685
-0.50634
0.423135
-0.173451
0.389959
-0.0630513
-0.0595765
1.67198
0.348172
-0.0517961
2.35585
-0.0387263
0.201319
-0.271178
0.350158
0.498072
0.0535989
0.0124335
0.23724
0.0770444
-0.661925
-1.15931
-0.873523
-0.087247
0.391845
0.330462
-0.64745
-0.334461
0.529224
2.20027
0.13277
0.73683
0.0381397
0.244253
-0.136888
-0.529503
0.984805
0.290413
-0.595643
-0.97491
0.50068
0.579647
-0.742296
-0.251969
0.669385
0.528361
-0.118795
-0.110247
-0.258707
-0.406322
-0.342234
-0.926028
-0.537372
0.225786
0.799865
0.108527
-0.422993
0.594651
2.02124
0.595518
0.778498
-0.0412439
-0.0546626
-0.145669
-0.325847
0.104442
0.381413
0.832571
1.38045
0.190893
-0.228113
-0.587868
-0.965257
-0.0938153
0.0269885
-0.569385
-0.502845
-0.351621
-0.341953
0.321796
-0.253573
-1.26491
1.43894
-1.17684
0.641579
0.0234919
0.370845
2.20801
0.0254958
0.721841
0.115088
0.0964775
0.0986594
-0.0507365
-0.464982
0.788854
1.40179
0.238125
0.00659902
0.614373
0.185196
-0.124692
0.472145
0.678349
-0.0286445
0.0940322
-0.325242
-0.465823
0.0780887
-0.839562
-1.40561
-0.420486
-0.626112
0.0909148
-1.2886
0.720532
1.18788
0.408384
0.486389
0.214095
0.0783597
0.0858143
-0.11316
0.283557
-0.276856
-0.555472
-0.294709
-0.609491
0.209792
0.35435
0.085319
0.35099
0.244542
-0.365722
-0.146422
-0.233151
0.0426208
0.712926
0.484119
0.40291
0.997096
-0.400539
1.8972
0.174563
0.410152
1.51966
0.435211
0.619727
0.292722
0.0587072
-0.182316
0.225887
0.0587137
0.305702
0.296843
-0.865326
-0.753993
-0.288209
0.0863421
-0.0304797
0.673094
0.618472
-0.393039
-0.513125
-0.396185
-0.341473
0.174117
-0.505943
-0.840374
-0.135108
-0.469856
-0.291036
-0.103918
0.194232
0.78292
0.0542173
0.134793
0.152005
0.0161088
-0.163077
0.103127
-0.10079
-0.8535
-1.10337
-0.147307
-0.416535
0.619291
0.264649
-0.313222
1.18108
0.182549
-0.625875
-0.179001
-0.199631
-0.0669663
1.01865
1.49012
1.13433
-0.323831
0.683488
0.835334
-0.56941
0.34125
1.97945
-0.304682
-0.0352871
0.205938
0.270535
-0.348686
-0.134862
-0.217311
-0.429624
-0.528304
-0.570249
-0.874471
0.0500471
0.0707932
0.320596
0.57927
0.214936
-0.285482
-0.108429
-0.124179
0.0437761
0.427549
-0.0980587
-0.459284
0.724952
0.676577
-0.527412
-0.379915
0.340706
1.06738
0.308573
0.137393
0.0826908
0.294146
-0.13023
0.00848605
0.0253931
-0.415954
-0.609199
-0.163823
-0.183932
0.341068
0.324056
-0.302785
0.846761
0.53986
-0.165074
-0.312947
-0.396297
-0.647918
0.321775
0.756763
0.134847
-0.0604424
0.635944
-0.169215
-0.113897
0.756888
1.41731
0.0192467
-0.0389315
-0.254024
-0.0669928
-0.165267
-0.82172
-0.899548
-0.262685
-0.0752046
-1.40389
-0.482755
0.778409
0.233516
0.410813
0.336189
-0.206847
-0.522376
-0.479821
-0.220298
0.17383
1.15446
0.239109
-0.141232
1.21181
-0.262449
0.924979
0.686207
0.0815951
1.82258
0.61434
0.943779
0.251582
-0.0805006
-0.492671
-0.743027
0.494246
-0.369778
-0.648451
0.76357
-0.904902
0.071557
0.540913
0.358655
0.915775
-0.00932367
-0.255048
-0.361408
-0.316505
0.170982
0.0702123
-0.561934
0.378156
0.950461
0.581988
-0.393802
0.470814
0.0962396
1.69285
0.659837
0.612869
0.148265
0.113368
0.232429
-0.77336
1.14023
-0.393141
-1.05756
0.463916
-0.0584699
1.32166
-0.414575
-0.23382
0.312489
-0.151834
-0.188538
-0.208265
-0.0969103
0.456305
-0.370464
-1.62565
-0.175821
-0.380868
0.884657
0.401256
0.759924
0.525361
1.35974
0.849631
0.511139
0.181303
0.175555
0.307208
-0.453846
-0.457613
-0.176504
0.451927
1.17272
-0.486715
0.127673
0.0369103
-0.490961
-0.424106
-0.849525
-0.608333
-0.19183
-0.0324268
0.0291332
1.00311
-0.231511
-0.710204
0.693121
-0.751495
0.924844
1.82807
0.3172
2.22985
0.467937
0.708665
0.422649
0.498837
0.810785
0.012301
1.13435
1.29816
1.2751
0.365439
0.0245242
1.0129
0.322844
-0.156797
0.271668
-0.0922263
-0.176134
0.0973823
0.0790713
-0.19908
-0.462685
-1.23278
-1.29778
-1.28161
0.296303
0.783972
0.657524
0.687134
1.46361
0.291942
0.16702
0.397036
0.411124
0.592876
0.00242672
1.45789
1.42952
1.2425
-0.0908546
-0.2241
1.21245
-0.465462
-0.633653
0.481347
-0.400417
-0.788772
-0.181067
-0.115661
-1.03173
-1.32525
-0.979551
-1.08768
0.327367
0.932278
-0.186991
-0.30113
0.945322
1.88008
0.0959586
0.3734
0.0414561
0.486587
0.593161
-0.247827
1.86246
1.89917
1.84192
0.71828
-0.146853
0.180585
-0.64271
-0.176722
-0.263152
-0.62738
-0.0198119
0.0141569
-0.224147
-1.05181
-1.50189
-1.13386
0.0621289
1.52513
1.72882
-0.182368
-0.299387
0.63827
0.321083
0.573721
0.423341
0.171545
0.560274
0.100269
-0.959558
2.44016
1.60546
0.663679
0.228861
0.488722
0.623558
-0.150998
-0.316846
-0.179393
-0.546404
-0.350688
-0.753492
-1.16914
-0.396708
-1.86895
-4.25849
-0.447395
0.0951835
-2.22358
1.5548
1.72279
0.314477
0.497631
0.450782
0.028765
-0.0828513
-0.0610668
-0.363025
0.608288
1.94882
0.825241
-0.103803
-0.368474
-0.799269
-1.8799
0.495856
-0.034992
-0.0241927
0.0890143
-0.124423
0.446241
0.378094
-0.0665888
0.503695
-0.35766
-0.308682
-0.269791
-0.218807
0.473436
0.539211
1.08475
0.129765
0.472232
0.286974
0.183514
0.365849
0.387884
0.141005
1.90356
0.612179
-0.57636
-0.872997
-0.427211
-0.424199
-0.212925
-0.82967
-0.406455
-0.236905
-0.297773
-0.130482
-0.155555
-0.214796
-0.501259
-0.995917
0.277534
0.830466
-0.629081
2.19602
1.58283
0.290825
0.128968
0.302703
0.316234
0.231616
0.293073
-0.100129
-0.00213332
0.648914
0.832786
0.684168
-0.756667
-0.15767
-0.937774
0.197956
-0.204742
-0.153361
0.142098
-0.428267
-0.556313
-0.168613
-0.285743
0.302768
-0.782518
-0.576238
-0.141895
-0.874764
0.286586
1.14454
0.571189
-0.505404
0.457352
0.385378
0.334596
0.162714
-0.0142401
0.162996
0.228949
0.162135
-0.0418137
-0.491607
-0.326623
-1.13306
-0.314239
-0.921519
-0.446243
-0.555063
-0.432222
-0.520472
-0.161808
-0.00163963
0.709469
0.340668
0.498464
-0.290777
-1.893
0.820444
0.0398937
-0.081638
-0.199502
0.131812
0.26508
0.0396915
0.0322831
0.242259
0.18963
0.610356
0.259487
-0.247645
-0.554799
-0.252086
-1.33741
-0.171891
-0.197067
-0.208635
-0.205523
-0.0687705
-0.287876
-0.102618
-0.130522
0.308747
0.0211285
0.615972
-0.360345
-0.939221
0.541027
0.576412
0.142582
-0.765709
0.0164178
-0.0541711
0.127298
0.150406
-0.181673
0.438654
0.65632
0.209055
-0.0173807
0.188586
-0.2771
-0.935642
-0.163615
-0.580234
-0.0695083
-0.592015
-0.00725559
-0.289203
-0.109681
-0.336335
-0.120124
-0.238602
0.154638
-0.93526
-0.823976
0.206962
0.220609
0.0388145
0.0031005
0.205255
-0.0788676
0.0180466
0.112348
-0.0520775
0.0717858
0.0246759
-0.428898
-0.604944
-0.0496127
-0.423391
-0.796965
0.16844
0.329035
0.0211333
-0.015457
0.299748
0.202278
0.29817
-0.0204687
0.35832
0.262503
0.322368
0.302987
-0.971546
-0.65329
0.518125
0.128627
-0.264966
0.451768
0.451822
0.382733
0.302845
0.0949643
0.204231
2.70017
1.25482
0.330932
0.198085
-0.0303463
0.169806
-0.536062
-0.649703
0.0560422
0.281763
0.00568362
-0.470183
-0.721932
-0.38681
-2.36679
-2.04714
0.259427
-0.582104
0.561276
0.731716
1.58695
0.100036
-0.0286078
0.236436
-0.290398
-0.493718
-0.270363
-0.752011
0.145248
-0.0811691
0.447599
0.459149
-1.59229
-0.186245
-0.35924
-0.430742
0.0323258
-0.324869
-0.0984676
-0.476342
-0.513421
-0.303152
-0.360143
0.250756
0.28329
-0.100781
-0.348195
0.417227
0.0787557
1.10852
-0.261536
0.285504
0.100826
0.600619
0.168669
-0.0585894
-0.448167
0.047677
0.24811
-0.449406
-0.750029
-0.0254476
-0.555108
-0.82194
0.0501551
-0.104345
-0.15909
0.0192885
0.166737
-0.0902733
0.0214175
-0.117405
-0.697398
-0.760671
0.989062
2.09426
0.181293
-0.318206
0.955157
-0.105494
0.508909
0.206961
0.289108
-0.291148
-0.142725
-0.398254
-0.0945435
0.491579
0.652993
0.681581
0.419049
0.23657
0.31139
-0.350299
-0.235907
0.125965
0.106876
0.0462907
-0.323605
-0.356846
-0.247773
-1.29346
-1.99757
-1.83792
-1.60795
-0.960404
-0.267613
0.399882
0.0837123
-0.368704
0.247915
0.0331591
-0.0747492
0.0320313
-0.0868856
-0.354711
-0.536047
-0.265263
-0.142771
-0.34655
0.0539058
0.0782075
-0.0793331
0.16232
-0.278925
-0.132851
0.272442
-0.0781659
0.0718257
0.318192
0.602165
0.0444847
0.00363989
0.898632
0.228674
0.101665
0.316922
-0.613835
0.0341524
0.0776483
0.0211074
0.257366
0.189898
-0.275884
-0.101406
-0.0181474
0.621161
0.791088
-0.532242
-0.107777
0.235047
0.396327
0.316706
0.464597
0.277769
0.0510006
-0.0195315
0.284609
-0.0318132
-1.02398
-1.98266
0.0903088
-1.36998
-1.2875
0.498997
0.514473
-0.132117
0.297073
-0.110029
0.416103
0.594546
0.0308592
-0.220431
0.403209
-1.28302
0.178866
1.2058
1.07845
-0.549611
0.194366
0.0525032
-0.831785
0.988877
0.600211
-0.897619
-0.886453
-0.161962
-0.571138
0.215971
0.218831
-0.335144
0.0306024
-0.471618
-0.591834
0.666859
-0.0935268
1.02743
-0.317592
-0.522462
-0.685126
-0.333754
0.0276983
-0.143336
-0.679227
-0.697039
-0.719742
-0.834768
-0.868068
0.671034
0.302835
-0.265944
0.532786
0.0100693
-0.241181
0.423403
0.320591
0.71487
-0.0687809
0.438458
-0.417188
-0.00273108
1.29886
1.45368
0.970782
-0.636859
2.71059
-1.36
-0.595074
0.2413
0.329208
-0.784193
-0.285654
-0.802639
-0.688238
-0.707221
-1.15822
0.0794703
-0.837668
-0.486441
0.305517
1.79168
1.5642
1.63215
1.256
-0.64795
-1.51656
-0.318349
0.379057
0.326506
1.95321
-0.494138
-1.13239
-0.30734
-0.523791
1.87492
0.316629
-0.0761929
-0.291026
-0.624768
-0.573836
-0.0111488
1.11017
-0.228098
-0.712809
1.35046
0.516651
0.376101
-0.120669
-0.110289
1.34491
0.982606
-0.210768
0.0950481
0.0742724
-0.27456
-0.229708
0.0270443
-1.31248
-0.698798
-0.515549
-1.25827
-1.74053
-0.404313
0.38899
-0.0984975
-0.742592
-0.677691
-0.572566
-1.19039
-1.57257
0.0288208
-0.730993
-0.97662
0.441835
-0.0974216
-0.600345
-0.985014
0.389366
0.883138
0.764141
0.205992
-0.113114
0.248258
0.698988
0.653008
0.366702
-0.549261
1.98193
2.4505
-0.190414
-0.217684
-0.235885
1.07482
-0.256809
-0.29539
-0.441397
-0.207641
-0.336564
0.246137
0.925687
0.728071
0.793214
1.93298
0.404981
1.15318
-0.122697
-0.469953
1.78601
1.34612
-0.294448
-0.194957
-0.0620959
-0.613399
-0.372546
0.165292
-0.218056
-0.908102
-0.595101
-0.882877
-1.99698
-0.185273
1.1128
-0.370551
-0.213215
-0.371829
-0.108122
-0.557537
0.442256
0.844623
-0.276722
-0.805753
0.0248587
-0.039451
0.83606
-0.279007
-0.713771
1.61088
0.393882
-0.872837
-0.301016
-0.155212
-0.179048
0.0675494
0.29995
-0.474549
0.109368
0.211116
0.247711
-0.676211
-0.525785
1.08374
-0.0110535
0.234993
-0.00478702
-0.0955098
-0.157337
0.0920664
0.950254
-0.0801079
-0.561352
0.264401
0.205742
0.0642597
-0.37514
0.329824
0.530994
0.393988
-0.381692
-0.287839
-0.349123
-0.216439
0.392491
-0.0689938
0.281834
2.13868
0.158103
-1.45849
-1.42746
-0.00906944
0.253064
0.236226
0.220084
-0.224177
0.177471
0.161466
-0.768614
-0.0768823
-0.481217
-0.488941
1.22241
0.936625
0.67565
-0.009165
-0.249827
0.394795
0.212715
-0.105621
0.0539516
-0.0495225
0.0549864
0.950703
0.848254
0.507649
-1.25963
-0.451464
-0.846666
-1.29423
0.209179
-0.719816
-0.0185912
0.079317
0.10408
0.121502
0.227648
-0.361404
-0.222467
-0.686604
-0.942933
-0.702471
0.02112
0.208137
-0.31195
0.501861
-0.582316
-0.536485
0.142262
0.233944
0.104685
0.069206
0.90006
1.29691
1.39095
1.88457
0.136549
-0.207557
-0.342066
-0.189952
-0.252209
0.408957
0.462191
0.226259
-0.172597
0.246178
-0.259556
0.342148
0.397521
0.494342
0.711658
0.728
0.660627
-0.132979
0.0109904
-0.317794
-0.248641
0.374647
0.282395
0.113245
-0.196425
-0.334102
0.378669
-0.133992
-1.75547
-1.14563
-0.759326
-1.27452
0.244342
-0.772227
0.213778
0.0818216
0.0541111
-0.226289
-0.0357967
-0.579845
-1.0501
-0.798543
-0.416151
0.0564729
0.327581
0.10853
0.0909606
0.245094
-0.703691
-0.494157
0.0347009
0.0532339
0.00559893
-0.0192751
0.469942
1.46799
0.922103
0.665361
-1.32507
0.468929
-0.945136
-0.627775
-0.636651
-0.0397092
0.19284
0.418992
-0.02557
0.399395
-0.456935
-0.351099
0.164853
0.370133
-0.048815
0.417164
-0.112912
0.195197
0.316365
-0.590055
-0.440737
0.551009
0.177764
0.131246
0.32182
-0.325033
0.0841944
0.506686
-1.78815
-1.67827
0.159172
-1.09735
0.0896171
-1.02939
-0.228712
-0.321356
-0.0630206
-0.199042
0.0888667
-0.612082
-0.927803
-1.12053
-1.07655
-0.0523539
0.053283
-0.349775
-0.536422
-0.631169
-0.792547
-0.935224
-0.213477
-0.198583
-0.126597
0.137737
0.127885
0.714625
0.893555
-0.48594
-1.7831
0.521949
-0.705315
-0.188712
-1.3491
-0.207991
-0.14216
0.0829611
-0.0178622
0.518579
-0.137766
-1.7727
-0.633028
-0.0527888
-0.48486
0.14546
-0.64513
0.11465
0.154052
-0.787425
-0.473538
0.59066
0.51295
0.291127
0.655125
0.500534
0.789685
1.28662
-0.0381403
-1.24341
-0.586158
-1.0371
-0.107938
-1.4958
-0.0363096
-0.0578527
0.187948
0.0591481
0.32894
-0.2495
-1.15826
-0.605282
0.0933844
0.57618
0.533628
-0.195343
0.0993539
-0.107474
-0.510505
-0.369677
0.309746
0.127855
0.186916
0.249497
-0.680207
0.654146
1.5672
-0.952185
0.153069
-0.0496074
-0.930974
-0.137235
-0.773392
-0.578761
-0.278206
-0.17629
0.0795718
0.408918
0.271574
-0.597669
-1.0473
-1.17468
-0.69812
0.0779879
-0.392989
-0.101184
0.623708
-0.802024
-0.570778
0.398259
0.347161
0.305473
0.10187
-0.725646
0.788959
2.08144
0.606979
-0.0556441
-0.529866
-0.283806
-0.155484
-1.40432
-0.0919564
-0.102629
0.100915
-0.141086
0.196441
-0.0605188
-1.15367
-0.520003
-0.168076
-0.0915792
0.780965
-0.105401
0.323716
-0.126243
-0.897753
-0.227705
0.539144
0.0700021
0.274183
0.539747
0.294888
1.20375
1.12501
-1.07215
-0.610706
-0.758825
-0.869594
0.160119
-0.559129
-0.416829
-0.293204
-0.0880736
-0.0352116
0.465765
-0.252403
-0.97004
-0.684119
-0.543114
-0.583629
0.141953
-0.831083
0.0862386
0.498454
-1.18102
-0.351104
0.836677
0.396197
0.395021
0.420979
-1.68663
-1.84003
0.366739
0.495194
-0.00268403
-0.460495
0.272425
-0.614112
-0.657816
0.350207
0.375459
0.441129
0.0559807
-1.39389
0.371451
2.42365
0.464276
-0.594693
0.150961
-0.0347126
-2.55233
-0.143355
-0.0517048
-0.470938
0.547138
1.0997
0.543757
0.152849
-1.47873
-2.408
-0.519737
0.222079
-0.631397
0.316696
-0.190601
0.0522494
-0.227698
-0.414894
-0.0563999
0.436713
-0.144541
0.0355248
0.413128
0.471149
-0.445348
0.539051
0.971147
-0.0291877
-0.0306279
-0.410094
-0.169575
0.0548222
-0.511199
0.27979
0.628704
0.52697
0.686348
0.567099
0.00821634
0.42475
0.250441
-0.393028
-0.619904
-0.644031
-0.0815381
-0.525985
-0.237287
-0.0789177
0.050592
0.0895307
-0.0452976
0.0232615
0.257212
-0.0069741
-0.43
-0.462181
0.726858
0.634585
0.00630092
-0.298854
-0.363947
-0.147642
0.620061
0.365122
-0.00815242
0.0155263
0.179056
-0.231551
0.811078
-0.0581972
-0.497628
0.909716
0.196207
0.446747
0.0393248
0.378246
-0.12767
0.212093
-0.114029
-0.112727
0.388637
0.52076
-0.823103
-0.29468
0.0753994
0.178686
0.278481
-0.525539
-0.365654
0.0104201
-0.380543
0.254639
0.559472
0.36477
0.640952
0.454581
-0.0365133
0.909835
-0.0164146
1.73826
0.0977782
-0.831433
-0.125054
-0.356209
-0.0301966
0.252034
-0.189653
0.0542981
0.0818519
0.139176
-0.400495
-0.0675266
-0.297238
-0.240001
1.22286
0.981839
-0.0919226
-0.128211
-0.107569
-0.409951
0.344447
0.542933
0.432007
0.194452
-0.0572674
-0.853939
0.49472
0.656104
-0.838096
0.478704
0.501577
-0.682822
-0.108839
-0.967677
-0.0234333
-0.0019538
0.148251
0.142622
0.165256
-0.262068
-0.363827
-0.947383
-1.22548
-0.560391
0.255805
-0.857479
0.112807
0.346996
-0.888378
-0.151466
0.668534
0.309885
0.508191
0.343457
-0.269967
0.8765
1.24115
0.824817
0.161276
-0.955077
-0.247259
-0.251335
-1.15618
0.389529
0.148292
0.19166
0.0793898
0.178658
0.0279528
-0.851408
-0.654596
-0.270785
0.507175
0.956485
0.118646
-0.184138
-0.278511
-0.665053
0.270274
0.280778
0.236995
0.391683
0.41238
0.279687
1.09685
0.701497
-0.164205
0.530677
-0.554229
-0.301252
0.0494059
-0.700472
-0.229667
-0.286167
-0.165004
0.1491
0.488451
0.419076
-0.139345
-0.0946037
-0.148024
-0.667783
-0.0749455
-0.412291
-0.252321
0.263573
-0.81726
0.209814
0.769396
0.7145
0.613917
0.646406
-0.0493603
0.1286
-0.131739
1.0725
0.883981
-0.581875
-0.193641
-0.0889326
-1.23408
0.102772
-0.127209
-0.231482
-0.290285
0.0462276
0.372054
-1.37329
0.0395732
0.739622
0.0331912
0.73957
0.0500235
0.0999967
-0.092528
-0.935629
-0.0259081
0.517568
0.164237
0.294231
0.558175
0.878026
1.48215
-0.151476
0.176808
0.944388
-0.548247
-0.478555
0.0532816
-0.726245
-0.391269
-0.375926
-0.375467
-0.141375
0.290338
0.307574
-0.454392
-0.0935097
0.00341102
-0.693447
0.338672
0.216138
0.0102229
0.514191
-1.01545
-0.72767
0.614611
0.564952
0.43698
0.806484
0.499532
0.675004
0.359222
1.05884
-0.228853
0.56865
-0.152194
-0.388512
-0.734224
0.0374768
0.294502
0.19939
-0.0318224
0.172342
-0.217795
-0.734231
-0.558301
-0.277579
0.146387
0.467828
0.140994
0.262776
0.421997
-0.432147
-0.00870861
0.678732
0.50304
0.701802
0.721331
-0.0159803
-0.130035
-0.723015
-0.316878
-0.233118
-0.461898
-0.157318
-0.0750899
-0.895666
-0.105574
-0.0486428
-0.13858
0.0903479
0.320611
0.0717633
-1.55486
-1.38027
-0.826387
0.576045
0.370992
0.212902
-0.0104442
-0.0799896
-0.860633
-0.494832
0.281487
0.345542
0.385131
0.579395
0.476856
0.801454
0.147243
0.519647
-1.28883
0.564239
-0.109481
-0.52256
-1.24282
-0.0965679
0.334671
0.557245
0.290233
0.631619
-0.373896
-0.583208
-0.592352
-0.532975
0.155809
0.383173
0.366462
0.157982
0.409866
-0.543414
0.0419087
1.00706
0.583508
0.586441
0.659343
-0.417622
-0.45841
-0.446075
-0.515299
0.182898
0.272223
-1.30284
0.308586
-1.41498
0.0866429
-0.0251004
-0.0110124
-0.0126986
0.0621342
0.133269
-0.80361
-0.732235
-0.317678
1.39907
0.399202
0.441317
-0.123263
-0.234304
-1.02926
-0.288934
0.147305
-0.119761
0.0946171
0.41056
0.267539
0.125115
-0.786764
-0.164339
0.517487
-0.0292986
-0.879151
-0.100405
-0.208727
-0.317851
0.126716
0.233175
0.259766
0.587173
0.476467
0.594018
-0.14697
-0.33026
1.42018
0.662395
0.70965
0.229907
0.352744
0.0361159
-0.0434397
0.0763754
0.159838
0.588707
0.864697
-0.112915
-0.35532
-0.347953
0.410702
0.142497
-0.894532
-0.266393
0.648336
-0.0539785
-0.408528
-0.697678
-0.118342
0.206912
-0.0273502
-0.0338539
-0.218108
-0.637872
-0.748569
0.166495
0.693954
1.56398
0.25542
0.392757
0.215523
0.275478
-0.0296013
0.280956
0.0513944
0.875041
0.723462
-0.732428
-1.29283
0.556622
-1.02204
-0.693326
-0.910343
0.131672
-0.770581
-0.250832
-0.412299
-0.125751
0.0340937
0.0471976
0.243962
0.886896
0.142639
-0.193779
0.440842
0.265133
1.29096
0.605926
0.41649
0.380229
-0.31263
-0.529869
0.231153
0.6265
0.814498
0.77333
1.1754
0.410991
-0.390144
-1.47356
1.48712
-0.678422
0.101707
-0.598763
-0.333368
-0.8442
0.049064
0.384989
-0.148114
0.0925542
-0.965759
-0.920269
-0.790193
-0.131936
0.560166
0.175733
0.778448
1.08079
-0.102586
-0.0887557
-0.0145096
0.0753975
0.301727
1.15538
2.03228
1.91564
0.78416
0.377302
0.753309
-0.629587
-0.286118
0.023266
-0.541676
-0.359568
-1.13008
-0.0723247
0.260647
-0.0662532
0.0105613
-0.857048
-1.16399
-1.0992
0.405602
0.764401
0.977715
0.464054
-0.00349954
0.2855
0.33494
-0.186221
0.0275947
0.0478432
0.523438
0.676957
1.39349
0.384154
-0.992953
0.95097
-0.554845
-1.60489
0.152543
-0.0819272
-0.574945
-1.52151
-0.309529
-0.0146828
-0.126726
1.1847
0.242888
-0.047679
-0.223557
-0.238891
0.27678
0.284267
0.29773
0.630139
-0.33987
-0.162041
-0.0702768
-0.216559
-0.202801
1.07172
0.115609
-0.855674
-1.73651
1.03596
0.112152
1.45798
3.47801
0.265499
-0.378662
-0.500821
-0.537905
0.246863
0.598918
-0.12365
0.0386484
1.12454
3.08533
3.56405
0.464992
0.456198
0.197948
-0.00865332
0.625115
0.345834
-0.11898
-0.383623
-0.528359
0.324456
1.15317
0.54724
-0.235924
0.203893
-1.54952
1.36748
1.26928
3.48887
0.709267
-0.342247
-0.809909
-0.858999
-0.219396
-0.158654
-0.507849
-0.209381
-1.619
1.78043
3.13493
-1.35174
-0.499893
-0.00264795
-0.0870091
-0.824266
0.68507
0.406474
-1.22479
-0.84651
-0.109977
1.06004
2.33893
1.82609
-0.705899
-0.701411
-0.374468
-0.0330622
1.16721
-0.307456
-0.589272
-0.181044
-0.30715
-0.0391983
-0.144342
-0.266887
-0.311632
-0.429758
0.254988
0.424847
-1.09682
0.237695
0.149509
0.094182
-0.210143
0.177241
0.288376
-0.244748
-0.308454
-0.251774
0.516124
1.3265
1.1027
-0.328576
-0.682849
0.554442
-0.169955
0.225874
0.196143
-1.19271
-0.24989
-0.268543
0.215153
-0.0927904
0.114686
-0.530405
-0.0452815
-0.0610193
-0.121401
-0.252812
0.0553975
-0.733561
-0.538013
0.589639
-0.447346
-0.478097
0.178941
0.0457543
-0.0524787
1.32449
2.15489
1.0717
0.576345
-0.00770176
1.56476
-0.320064
0.0713556
-0.409315
-1.53779
0.379882
0.240698
0.289629
-0.137578
0.292767
-0.0893305
-0.262425
0.127536
0.329307
0.228572
0.477657
-0.480014
-0.314917
-0.4606
-0.374254
-0.258415
0.00127775
-0.492236
-0.217042
0.894945
1.498
1.02787
0.70533
-0.896214
1.44853
0.476439
0.256176
-0.310861
-0.124782
0.180689
0.52888
0.34056
-0.134362
0.550415
0.302291
1.2621
0.804006
0.653927
1.37059
0.0403155
-0.402611
-0.790415
-0.596116
-1.02466
-0.212611
0.143021
-0.012721
0.121224
0.328862
-0.329959
-0.384418
-0.108247
-1.51596
0.813094
0.0263158
1.61987
-0.366364
-0.27426
0.825146
0.672067
0.266769
0.148087
0.759265
-0.0534856
1.62099
0.493257
-0.0912045
0.449226
0.397461
-0.529986
-0.699603
-0.558006
-0.757883
0.0325488
0.275702
-0.313803
-0.46343
-0.53948
-1.51606
-1.32057
-1.05373
0.569057
0.977931
0.381497
0.20304
0.525889
-0.264041
0.412425
0.493266
-0.0353232
0.0679927
1.03037
0.267682
2.03505
1.10136
0.638134
1.11428
0.398688
-0.167498
-0.567086
0.791301
-1.1777
-1.0156
0.274955
0.134111
-0.216069
-0.279619
-0.959848
-1.00269
-0.844265
-0.188689
-2.67849
1.54133
0.148881
1.49792
-1.09408
2.52126
2.16702
1.18995
1.19796
1.87627
1.55698
1.75844
1.41723
0.485585
-1.19052
0.655547
-0.0381815
-0.286516
0.303729
-0.986194
-1.05714
-0.680397
-0.631765
-0.216714
0.0396501
0.390962
-1.30574
