0.309562
0.15948
-0.75104
0.599768
-0.312414
0.43102
-0.719487
-0.757405
-0.0537519
-0.489498
-0.641799
-0.128934
-0.325722
-1.06025
-0.121206
0.277892
-0.85648
-0.809683
-0.405724
-0.937187
0.000800504
-0.73124
-0.882733
-1.11567
-1.49684
-0.426798
-0.135805
-0.707238
0.038622
0.557639
0.287112
-1.1408
-0.858449
-0.655573
0.478401
-0.528904
-0.444361
0.173665
-0.270277
-0.538987
-0.801633
0.298497
-0.493213
-0.0215026
0.0769569
-1.24927
-0.968676
-0.11713
-1.56055
1.22382
0.195462
0.0265193
-0.0320581
-0.186074
-0.66457
-0.575985
0.23138
-0.21574
-0.526874
-0.289097
-0.683578
-0.577587
-0.276909
1.49555
0.467523
-0.0501677
0.021824
0.203626
0.203009
-0.136186
-0.449639
-0.852071
-0.149219
0.115437
-0.79179
0.233326
-0.498209
-1.38035
0.322081
0.0631415
0.170526
0.0855827
0.177995
0.00920498
0.432948
0.631784
1.0679
1.32438
-0.0764046
0.114272
0.251516
0.0485335
1.05064
0.115523
-0.170355
-1.56025
-0.0444814
-0.290453
0.279772
-0.582707
-0.442179
-0.0972694
0.108099
0.210697
1.39049
2.37031
-0.982044
-1.0906
0.115418
0.049551
-0.251071
-0.750112
-0.374877
-0.902295
0.262443
0.260815
0.256595
-0.363169
-1.27612
-0.309776
0.386083
0.456707
0.0550011
-0.153421
-0.154238
-0.259297
-0.152144
1.24487
-0.869958
-0.664527
0.0735603
0.313563
-0.943094
-1.07455
-0.714781
-0.540694
-0.396153
-0.32145
-0.298711
0.0456463
0.569623
0.229595
1.27033
0.860956
1.3128
1.62722
0.319288
-0.614694
-0.0340083
0.0562353
0.61039
-0.738114
-0.598509
-0.84584
-0.591996
-0.695204
-0.0245121
-0.331319
1.0443
0.487623
0.200554
0.421502
0.316823
0.268641
-0.3509
0.0052992
-0.240325
-0.363089
-0.493511
-0.646358
-0.449268
-0.638859
-1.38859
-0.45117
0.201143
-0.0243597
-0.99316
-1.28758
-0.00122788
-0.0200086
-0.145707
0.00307355
0.0509783
-0.200219
-0.230216
0.366286
-0.0293368
0.59787
-0.0351858
-0.366021
0.0196604
0.265598
0.368969
-0.0020926
0.0213119
0.260114
0.239864
0.0788741
-0.237062
-0.20659
0.174365
0.260271
-0.390874
-0.843982
-0.354134
-0.970959
-0.221716
0.0620013
1.12937
0.166147
0.242445
-0.0352578
0.245585
0.300496
0.604949
-0.128342
0.270558
0.0652493
-0.315498
-0.649749
0.0160381
-0.148338
0.490366
0.279631
0.137816
0.250394
0.152635
-0.0265878
0.341039
1.03774
1.01201
0.907816
0.699252
-0.160854
0.592651
0.243082
-0.818134
1.51457
-0.0136088
-0.263927
-1.44372
0.190619
0.0396746
0.46382
0.0235863
-0.92037
-0.170356
0.224763
0.18663
2.02572
1.64734
-1.53239
-0.321429
0.00838406
0.233126
0.28068
0.0173722
-0.207125
-0.090866
0.643076
0.405085
0.0375929
-0.515306
0.341669
0.220659
-1.13416
0.290199
-0.00479176
-0.268075
-1.23947
0.0551827
0.100917
0.649986
-0.884925
-0.277241
-0.161394
-0.194423
-0.667004
-0.33494
-0.0890771
-1.14974
-0.788573
-0.558479
-0.504751
-0.301338
-0.150698
-0.00244542
0.94634
0.92036
0.547568
0.196876
0.0727111
0.60026
0.465995
-0.800408
0.44571
-0.496543
-0.601136
-1.03631
-0.111118
-0.407454
0.416449
-0.77684
-0.180502
0.0654767
0.266042
0.158304
-1.17495
0.484582
-0.521098
-0.208949
-0.586819
-0.579273
-0.437548
-0.495455
-0.384312
0.203498
0.444478
0.5599
0.604513
0.11013
0.722588
-1.16923
-0.465438
-0.392452
-0.559324
-0.72156
-0.171766
-0.440978
-0.582027
0.180714
-0.0298098
0.973431
0.333451
0.13738
1.45086
1.3246
0.770092
0.285764
-0.162016
-0.143424
-0.162184
-0.23248
-0.543611
-0.611795
-0.247146
-0.158115
-0.0370637
0.0257704
0.0244709
-2.18975
0.0937878
-0.0765615
0.980047
-0.0621086
-0.105429
-0.224519
-0.0946407
-0.16335
1.00903
0.282464
0.568374
0.597138
0.647568
0.525571
-0.753919
1.12846
0.724646
-0.811886
-0.225023
-0.358756
-0.225452
0.090036
0.205545
0.964382
0.69117
-0.185291
-0.747341
0.761952
0.877763
-0.731046
1.09992
0.142698
-0.474821
-0.470531
0.868453
-0.408706
-0.505854
0.625408
0.708019
0.0763662
0.59521
0.769588
-0.505831
-0.545277
1.06656
0.924048
-0.295793
-0.268408
-0.415065
-0.697795
-0.652054
-0.72784
0.159778
0.441508
-0.0317032
-0.360994
1.56139
-1.22648
0.874779
0.931899
-0.633335
-0.832584
-0.471893
0.740643
0.0579888
-0.346447
0.509801
0.634129
0.28457
0.527371
0.576329
-0.112369
-0.0986778
-0.308571
0.0681197
-0.0750668
-0.438406
-0.707841
-0.642717
-0.468549
-1.05082
0.00440935
-0.163862
-0.148997
-0.111919
0.768593
0.556804
1.94375
1.21911
-1.07278
-0.514589
-0.0828107
-0.170542
-0.402556
-0.689683
-0.287583
-0.502266
1.1948
0.725589
0.703678
2.47804
0.636056
-0.402365
-0.377742
-0.940989
-0.132679
-0.572484
-0.145522
0.749457
-0.412049
0.364768
0.631575
1.1455
1.43839
0.0269945
0.784642
0.284129
1.48495
-1.82707
-0.80941
-0.648569
0.824918
-0.868885
-0.867723
-0.835865
0.161508
-0.879483
0.592838
1.23167
-0.222068
1.24817
1.76642
-0.471708
-0.939607
-0.826722
-0.961735
-0.210433
1.25731
0.180256
0.712017
-0.0720455
-0.596303
-0.833556
0.886637
0.323901
0.690389
0.657794
-0.486033
-0.942236
-0.587341
-0.533743
-0.903275
-0.880348
-0.279099
-1.4314
0.892466
0.818273
0.636234
0.207333
0.0688056
0.142892
0.666551
0.0724434
-0.812759
-0.844381
-0.424136
0.363434
0.222128
1.13885
0.118039
0.30321
0.569494
0.898706
0.461893
-0.084492
-0.468355
0.461551
-0.847852
-0.913952
-0.981176
-0.631604
-0.754758
-0.211888
-0.346265
-0.111345
-0.0126141
0.45582
2.59883
1.8118
-0.137065
-0.937987
0.39693
-0.338757
-0.413777
0.157821
0.633489
-0.378695
-0.489815
-0.703794
-0.251546
0.063157
-0.042357
0.425131
-0.148994
-0.390365
-0.269478
-0.290725
-0.0570522
-0.110431
0.0170535
-0.108341
0.215736
-1.04191
1.07803
0.622782
0.458407
1.12388
0.538925
0.197541
-1.21962
-0.813767
-0.422414
-0.254011
-0.0132606
0.233604
-0.157047
0.211482
0.333497
-0.231373
-0.624445
0.228374
1.32997
0.778536
-0.506835
-0.161067
-0.0517684
-0.0834719
-0.386553
-0.151793
-0.202508
-0.0980621
-0.450487
1.20915
0.61963
-0.0675106
-0.32717
0.281469
0.298936
0.578834
-0.153189
-0.110593
-0.145684
-0.0826444
0.604901
0.18805
0.65356
0.31924
0.799911
1.13439
0.846886
0.866046
-0.0863391
-0.489012
0.166578
-0.385946
-0.474823
-0.130815
-0.247949
-0.18159
-0.691654
0.691111
-0.0306848
0.638883
0.935148
0.273011
0.509432
1.27256
0.960338
-0.819849
-0.380858
-0.334351
-0.0332544
0.410902
-0.784245
-0.0413957
-0.0867041
-0.0964272
-0.099731
0.226021
0.574965
-0.563823
0.371998
-1.05734
-0.135268
-0.305029
0.0159451
-0.0888581
-0.408009
0.136664
0.590515
0.750642
0.804811
0.814916
0.558154
-0.383511
-0.239198
0.478509
-0.327441
-0.513151
-0.557818
-0.383837
-0.0199984
0.359103
1.31151
0.310752
-0.0872234
-0.24277
1.19899
0.369135
-1.2832
0.767759
-0.49471
-0.37825
-0.337485
-0.0417767
-0.109627
-0.446101
-0.875876
-0.149037
0.645219
0.485593
0.444844
0.756791
-0.0760793
-0.243386
0.46997
0.472245
-0.158667
-0.15593
-0.0331781
-0.225343
-0.461658
0.286668
-0.315792
-0.494698
-0.559752
0.195015
0.651567
-1.23576
0.368646
-0.928143
-0.012733
0.227071
0.611619
0.0849395
-0.100456
-0.325108
-0.895948
0.781658
0.134812
-0.144264
0.415043
-0.500016
-0.0146824
0.510569
1.45314
0.551119
0.361547
0.386731
0.280401
-0.18207
0.0756514
-0.0863806
-0.484624
-0.730461
0.20045
-0.0564749
-0.633193
0.650849
1.07313
0.769505
0.844857
0.113275
0.883607
1.00006
-0.346846
-0.826855
0.631973
-0.0889495
-0.35088
0.786996
0.405331
-0.286084
-0.928695
1.0088
1.03906
0.971759
1.02919
1.10565
0.0736997
0.17482
0.499889
0.468211
0.394309
-0.302159
1.05011
0.819966
0.318571
-0.867569
0.473089
0.418891
-0.352474
0.620525
0.616275
-0.0232032
-0.0718892
0.141375
0.020785
-0.0764401
-0.0928102
0.0963019
0.673622
0.237739
-0.324323
0.453112
0.385232
0.0241938
-0.881968
-0.744117
-0.765209
-0.247616
-0.565501
-0.786705
-0.238959
-0.60891
1.03867
-0.529532
-0.140908
0.360562
0.455461
-0.216559
0.303438
0.377832
0.45874
-0.210897
-0.241245
0.0622974
0.143407
-0.783436
-0.910476
-0.170533
0.469216
-0.496075
-0.0930659
-0.172703
-0.248746
-0.353213
-0.358955
0.433271
0.522701
0.368953
0.261966
0.504026
0.289773
0.407189
-0.85701
0.605146
0.0426568
0.0838821
-0.515505
0.0959268
0.0409669
0.245304
0.456427
-0.637145
-0.23852
-0.133488
-0.952111
-0.0683861
-0.0731861
0.894034
0.401608
0.34423
0.314255
0.249975
0.395238
-0.405795
0.0107796
0.756786
0.400928
0.1533
0.328671
1.05184
0.346367
-0.882677
0.696563
0.185296
0.268472
0.132266
0.0269692
0.234791
0.706001
-0.217824
-0.702497
0.257529
0.547109
-1.38737
-0.339117
0.778277
1.19266
-0.309037
-0.119447
-0.0602174
-0.225968
-0.15942
-0.951516
0.166115
1.02621
0.252092
-0.286587
0.344278
-0.295677
0.845013
-1.13049
0.82176
-0.609109
-0.335022
0.221351
-0.436227
-0.41622
0.0150256
-0.0427708
0.0853066
0.888235
1.08373
-0.883851
-0.979408
-0.668253
0.809392
-0.366473
-0.841381
-0.87795
-0.695125
-0.0740513
-0.251639
1.18311
0.609411
0.587848
0.581699
0.817321
-0.101373
0.196983
-0.652874
0.993534
-0.805413
-0.9296
-1.0831
-0.501546
-0.984903
-1.09532
0.0265652
1.22506
0.810454
0.582902
0.8476
1.28434
-0.167016
-1.35843
-0.361705
-0.349019
-0.411595
-0.111566
0.00221683
-0.708552
-0.142339
-0.0877165
-0.0845307
-0.0786082
0.261487
-0.66116
-1.12486
1.23555
-0.527272
-0.0937204
0.147114
1.62493
0.283357
-0.129547
-0.304425
0.0920387
-0.0681719
0.388282
0.51957
-0.372937
0.558562
0.70694
0.707003
0.443523
0.365371
0.0334876
-0.357448
-0.909935
-0.875139
-0.243791
0.60886
-0.219802
-0.796437
1.16303
-2.06543
1.90831
0.744013
0.209356
-0.443011
0.248638
2.26602
0.175362
-0.332494
-3.32975
1.4529
-3.95732
-1.72266
0.411861
1.02926
0.625806
1.92911
0.873933
1.68465
0.414288
0.27835
0.310899
0.103464
-1.25581
-2.19933
-2.44133
-1.93618
-1.19129
-0.20554
-1.66821
0.832297
-0.590968
-1.54738
-0.709929
0.0564159
0.315261
0.172743
-0.173924
0.0149235
0.193496
1.12501
0.657158
-0.0887806
-1.21206
-2.18001
-2.20318
-2.35452
1.03082
-0.383507
-0.587082
-0.437302
-0.491347
-0.276832
-0.662946
-1.58195
-1.58632
-1.58752
-0.222722
-1.25444
-0.927629
0.0747469
0.643869
0.200333
0.597035
0.000346767
0.621156
0.539315
0.71935
-0.0349172
1.30516
0.214446
-0.340076
0.176068
-0.462978
-2.47017
-0.622123
0.782002
0.741476
0.618768
0.0628398
-0.812004
-0.243703
-0.895669
-1.40257
-1.80639
-1.99053
-0.708931
-0.511285
-0.432803
0.263169
-1.09153
0.553184
0.91644
0.144632
0.943792
1.00535
0.41986
-0.19109
0.364941
-0.845482
-1.37684
0.229652
0.2843
-1.1055
-0.390927
0.739128
1.15159
1.08611
0.588295
-0.629561
-0.523649
-0.737365
-0.295923
-0.585844
-0.880597
-1.02224
-2.1541
-0.635102
-0.607521
-0.505122
1.08618
1.21948
-0.317154
1.57473
1.27761
0.688224
-0.52579
0.366824
-0.718454
-1.17692
-0.0850462
-1.16849
-0.930761
-0.12526
1.06282
1.78743
1.59344
0.988985
-0.726292
-0.132357
-1.09394
-0.724396
-0.957571
-1.25867
-1.53731
-0.562126
-1.72215
-1.06064
1.41971
2.07399
1.6957
-0.769933
2.15058
1.82202
-1.2084
-1.57985
-1.34071
-1.67902
-1.50718
1.24946
0.013179
-1.29318
-1.6574
0.545442
2.57256
2.45872
1.51807
-1.62294
-0.703384
-2.18099
-0.177334
1.24321
1.89714
-2.75516
-1.21735
-1.07616
0.879376
0.551315
3.83718
3.57701
1.29336
3.4782
3.06893
-0.112152
-0.6583
-1.55325
-2.52643
-2.47398
0.827
0.0224292
-0.482199
-0.27384
0.528979
3.67902
3.76832
2.59461
-0.842605
0.319269
0.186133
2.63429
1.59643
-0.0318733
-2.59657
-0.27956
0.513599
1.60846
-0.465884
3.41281
3.34839
2.6408
3.35418
3.59487
-0.146195
-0.343069
-1.95512
-2.28136
-2.27678
-1.59107
-1.37717
-0.165327
-1.8695
0.821132
3.63483
4.06059
3.1515
-0.330196
-0.0378623
0.378536
2.51687
1.58364
-0.0526554
-3.67231
0.11938
0.844975
-0.207429
0.410411
3.52549
3.19494
1.53193
3.28241
3.46367
0.635259
0.893357
-1.37866
-1.87059
-1.82378
-0.486797
-0.591852
0.446491
0.278358
-0.726279
3.11197
2.85731
1.89897
-0.515276
1.2797
1.63926
2.79702
0.990391
-0.511877
-0.80832
1.09384
-0.51427
1.37276
-1.05054
2.14632
2.52501
2.03349
2.75464
2.76582
-0.172998
0.464146
-1.67728
-1.67347
-1.62041
-0.585673
0.849684
0.234012
0.783596
0.715706
2.62466
2.71746
2.20134
-0.470068
-0.90769
0.349184
0.832326
-0.907974
-2.11898
-2.01901
1.69905
0.388131
-0.024215
-1.7243
1.92669
2.03447
0.341977
2.6687
2.35192
-0.400326
-0.0300632
-0.361635
-0.762249
-1.10399
-1.1253
-0.306543
-1.03639
0.139245
0.743495
1.92415
1.89037
1.01158
-1.62972
0.548347
0.952539
0.929795
0.694817
0.18377
-2.71906
0.392096
-0.430349
0.0880006
0.09589
1.53747
1.60705
-0.337834
1.68345
1.42201
-0.911517
-0.256731
0.346781
-0.549467
-0.938907
-0.0804593
-1.30495
-1.77112
0.0914411
0.610599
1.16401
1.34834
0.796697
-0.796549
0.00973627
0.229449
-0.0968475
0.200569
0.40753
-1.43225
1.36944
-1.11948
0.335478
-1.87926
1.02585
1.41975
-0.439518
1.75696
1.41581
-0.774629
0.243091
0.311863
-0.343311
-0.645039
-0.164724
-1.00353
-1.10531
-0.0235177
0.50401
1.41858
1.42266
0.523473
-1.43533
-0.0436683
0.0805011
-0.555434
-0.741205
-0.948142
-1.36892
0.113235
-1.26175
0.210482
-0.981465
1.09852
1.37216
0.214131
1.64493
1.35979
0.0585402
0.0139724
0.537239
-0.72392
-1.28548
-0.0573202
-0.2971
-0.999792
0.71018
1.07131
1.60265
1.57529
1.10848
-0.0243632
-0.066264
0.227265
0.17937
-0.398692
-1.02703
-1.38708
0.608307
-1.13822
-0.787965
0.195253
1.84564
1.81783
-0.0916649
2.20539
1.75342
0.610218
-0.12877
0.304402
-0.0792969
-0.554677
-0.757612
0.138973
0.230817
-1.56806
1.20331
1.99929
1.66775
1.15336
0.0266043
-0.109107
0.184697
1.73032
0.83029
-0.111135
-0.591613
1.00779
0.23286
0.612144
1.7467
0.883482
1.04977
-0.0494755
0.991593
1.14919
1.43863
-0.783917
-0.158753
-0.148812
-0.132231
-0.0341614
0.0437332
-0.154303
1.08268
-0.159951
0.930828
0.886682
0.683581
0.479318
-0.34175
0.0911107
1.19968
1.05905
0.787609
-0.0698867
-0.454211
1.68931
-0.480218
0.444541
-0.400107
0.144444
0.188626
0.411811
0.66126
-0.0243425
1.06903
-2.97562
-0.712627
0.369066
-1.16149
0.078042
0.873164
0.829868
-0.455843
0.105781
0.0200662
0.206316
0.84547
-0.41138
-0.230141
0.177646
0.202537
0.238919
0.478392
3.3185
3.03809
0.282914
-0.0571103
-0.993373
-0.370173
-0.198778
-0.426634
-0.442996
1.31698
-1.0252
0.113921
1.18581
1.30567
-1.38625
-1.59418
-0.189588
0.588616
-0.751036
-0.853822
-0.804057
-0.619935
0.165792
-0.275268
0.802729
0.731518
0.720911
0.717518
1.17116
0.0143101
-0.221053
0.988937
-1.20693
-1.53301
-0.845849
0.146766
-0.474468
-0.538041
0.307029
-0.91312
-0.576996
0.972307
1.45515
-1.02179
-0.300682
0.665198
-0.349021
-0.387293
-0.940304
-0.742331
-0.536857
0.405132
-0.681417
0.364421
0.049532
-0.0736336
-0.121563
0.986556
0.0307801
0.615449
0.944539
1.20959
-1.33408
-0.707848
1.27962
-0.884009
-0.870491
0.0151523
-0.849866
1.01024
1.42086
1.2359
-0.99992
-0.703944
-0.618462
0.522886
-0.564462
-1.16894
-1.16092
-0.828527
0.146912
-0.419062
0.901047
-0.421165
-0.972383
-1.19054
1.30092
0.340531
-0.798167
0.183891
0.276164
-1.23398
-0.761549
1.68333
-0.576291
-0.91639
-1.67993
-0.0467644
0.549487
0.74452
0.796844
0.55747
-0.75584
-0.281825
0.215427
-0.268163
-0.530333
-0.532875
-0.320743
0.179794
-0.681766
0.0514304
-0.527214
-1.00887
-1.24111
0.3833
-0.979571
-1.12148
-0.0317808
-2.9085e-05
-0.51611
-0.165979
1.86661
-0.0995423
-0.414612
-1.66834
-0.157379
0.838795
0.820792
0.558153
-1.07618
-0.844972
-1.07148
0.0661304
-0.438689
-0.166112
-0.121865
0.184211
0.0696384
-0.560753
0.669711
0.729268
-0.830838
-1.91646
0.259666
-0.176788
-0.00993307
-0.325956
0.737922
-0.128364
0.225562
0.62001
0.475072
0.164936
-0.673587
0.52103
-0.0461641
-0.186974
-0.18095
0.13577
-0.233854
-0.335206
0.248215
-0.482101
0.267804
0.226688
0.34396
0.263409
-0.281126
0.706416
0.917748
-0.304181
-1.15448
-0.342052
0.467698
0.520329
-0.619443
-0.885958
-0.140477
0.102969
0.208716
0.0997733
0.0976095
-0.1212
-0.264881
0.34108
0.116522
0.0903423
0.782123
0.22645
0.970427
-0.701222
-2.35973
-0.228621
-0.182926
-0.105651
-0.316198
-0.428185
0.312838
0.720643
0.961297
1.06074
0.271591
-0.647044
-1.1277
0.00463522
-0.853485
-0.350975
0.0871899
-0.98833
0.250258
0.142553
0.25175
0.0460032
-0.516129
0.334514
0.588537
-1.18038
-0.539596
0.103694
-0.777929
-0.714329
-0.0196019
-0.166685
0.00531229
0.27493
-0.332632
1.08947
0.746184
0.174701
-0.153602
0.436182
-0.258394
-0.779819
-0.846456
0.24233
-0.601873
0.0112241
1.22562
0.0786719
-0.13618
0.245369
-0.732762
0.805899
0.861957
0.618381
-1.18022
-0.105587
-1.18941
0.269893
-0.401695
-0.16713
-0.434892
-0.247985
0.0741185
-0.110373
1.22437
0.757709
-1.03577
-2.21071
2.26466
-0.504824
0.717424
1.57993
-0.323603
-0.933693
-0.188613
1.50477
0.374666
0.244383
-0.573165
0.287933
-0.349651
0.059644
0.27784
0.588701
3.02274
0.0527089
0.228607
0.975731
1.65065
0.910054
0.606049
0.600714
-1.44323
-1.21862
-0.468871
-0.564789
-0.752873
-1.37988
0.771145
-0.17905
-1.58846
-2.05275
0.563187
1.01229
-1.18942
0.892855
0.329397
-0.644384
-1.52956
0.373928
0.408811
0.221677
-1.35436
-1.35657
-1.13997
-0.849178
0.409915
-0.56789
-0.681272
0.0731703
0.164367
-0.13897
1.39895
0.872059
0.534198
0.0784741
-0.907465
0.920531
-0.616822
-1.01334
-0.844283
0.0537253
0.273758
-1.21093
-0.136628
-0.5231
-0.256732
-1.93887
1.05774
0.49009
0.223223
0.503684
-0.766532
-0.986091
-1.07918
-0.314637
-1.37747
-1.09273
-0.495188
0.470975
0.975639
0.294539
-0.118016
-0.645497
-0.919081
0.0554131
0.480123
-1.3598
-0.261021
-0.63423
-0.42216
-0.54989
-0.746818
-1.05144
-0.900573
-0.709315
-1.09361
1.62315
0.537642
0.0665715
1.06616
0.0526432
0.357846
0.245689
-0.535479
-0.648724
-0.55351
-0.238507
0.766061
0.707918
-1.16468
-2.84128
-1.61302
-0.309273
0.38779
-0.639986
-0.674317
-0.0671006
0.14958
-0.0527255
-0.328292
-1.42811
-0.532696
-0.209828
-0.381271
-1.14148
1.13562
0.214351
-0.241968
0.13433
-0.932236
-0.156434
0.38973
-0.260685
0.0548182
0.27284
0.118514
-0.092714
-0.900093
-0.698533
-0.907777
0.960809
2.26109
-1.08926
0.22469
-0.797663
-0.508337
-0.541577
0.0303963
0.122178
-1.73961
-0.381665
-0.0975792
0.302321
1.48606
-0.2246
0.098943
0.282103
0.1355
-0.354124
1.0134
0.377791
-0.405055
-1.0166
-0.811752
-0.319673
0.49081
0.00429342
-0.500662
0.392239
1.05447
1.36334
0.142418
0.202206
-0.12935
-0.427835
-0.693745
-0.236061
-0.678964
-0.899933
-0.832438
-0.234224
0.599682
0.761362
0.694355
0.74609
0.728593
0.0475383
-0.277195
0.0929542
-0.0487579
-0.302066
-1.73013
-1.67748
-1.27987
-0.90264
0.324545
-1.00703
-1.32979
-0.674554
0.261342
1.39779
1.00704
-0.324983
0.472024
0.237867
-0.545475
-0.757778
-0.92901
-0.915877
-0.780443
0.659931
1.47912
1.08585
0.394089
0.185805
0.842675
0.128597
1.28023
1.40431
0.388495
-0.751854
-0.839455
-0.735845
0.0894663
-0.0704191
-1.1745
-0.263316
-0.073047
0.207223
1.48975
0.523888
0.227448
0.175245
0.439894
-0.696143
-0.676796
-0.577283
-0.940208
-0.425268
1.59996
0.0381581
-0.510509
0.284548
0.71986
0.27681
-0.554093
-0.332176
1.40994
-0.33115
-0.68312
-0.634398
-0.392995
0.228034
-0.847934
-0.514019
0.0353531
0.622921
1.08024
1.31426
-0.0308086
0.498798
-0.116999
0.405609
-1.11321
-0.768888
-0.695971
-0.558717
-0.28181
0.477012
1.08917
-1.43115
-0.146235
0.534599
0.134708
0.21449
0.462012
1.52695
0.682685
-0.0714547
-0.162014
-0.0730273
0.308246
-0.504492
-0.0603553
0.832171
1.16523
1.29188
0.0687073
1.81745
0.438025
0.0559191
-0.900307
-0.890832
-0.807113
-1.24531
-0.730103
-0.777887
1.21014
0.349482
-0.749165
0.402213
1.0469
0.696762
0.0349029
0.0508424
-0.358476
-0.669814
-0.71362
-0.87063
-0.996239
-0.702718
-0.0799849
-1.36286
-0.213752
-0.173484
-0.103495
1.27941
0.43093
0.59671
1.04804
0.340264
-1.06652
-1.18315
-0.0999578
-1.69622
-1.58324
0.727017
0.739731
-0.756115
0.423283
1.00419
0.212619
0.0861163
0.0474586
1.15932
-0.292917
-1.17511
-1.1239
-0.872097
0.235642
-0.0937196
-0.736462
0.0220416
0.0250903
0.0307645
0.976973
0.482298
0.369068
0.839189
-0.0300676
-1.30928
-1.25101
-0.711223
-1.95246
-1.76116
1.41899
0.250588
-1.17584
0.551734
1.53043
1.17059
-0.0446306
0.533709
0.573232
-2.1593
-1.21227
-1.28455
-1.52406
-0.703789
0.129538
-0.227172
-0.236075
0.495461
1.30634
1.79912
-0.30152
-1.24077
0.978782
-1.10205
-1.67299
-1.38293
0.240739
-1.72808
-1.65515
0.0825894
-0.664504
-2.5268
0.311613
1.71522
0.0956259
0.957244
1.36418
-0.219972
-1.47911
-1.35235
-1.28788
-1.17448
0.300641
0.0073137
-0.54077
-1.2284
-0.250148
0.735445
1.18101
-0.740735
0.309387
0.991172
1.85255
-1.5496
-1.26277
1.04037
-2.07348
-1.63537
-0.572929
-1.02654
0.255625
1.67604
1.93435
-1.20339
-1.36764
0.842926
-0.765232
-0.511837
-2.24291
-2.30989
-1.61166
-0.183491
-0.0830373
-1.14607
-2.42801
0.410977
2.38653
1.59899
-2.04661
-0.542883
2.72209
-0.437194
-0.826757
-1.04828
0.588408
-1.6874
-1.33393
-1.41635
0.138632
0.971288
0.337773
0.272486
2.57843
2.18845
0.146003
1.2223
0.597626
-0.806452
-0.833461
-0.380367
0.832371
-0.273721
-0.610282
-0.296473
-0.286361
-0.267946
0.446792
-0.587051
2.37775
1.4098
-0.344939
-0.381502
-0.701953
1.13383
-1.27753
-0.436724
0.401966
0.305279
-0.417977
0.0118773
0.661563
1.72481
2.78556
-0.492617
-0.489475
0.312808
-1.05651
-0.771555
-0.179174
1.22057
0.356219
-0.261672
-0.323457
-0.133621
0.174674
0.711852
0.56516
1.17577
1.74128
-0.721036
-0.465932
-0.807184
-0.264283
-1.43382
-1.11346
0.108964
0.985938
0.812697
0.142803
-0.123488
1.12197
1.90725
0.85653
1.09366
-0.0927268
-0.561374
-0.625438
-0.523864
0.0882935
-0.189108
-2.03469
-2.18855
-0.659241
0.404952
-0.19678
-1.35535
-0.193944
0.545957
-1.26611
-0.403653
-0.598729
0.293285
-1.11423
-0.735387
1.30607
1.30211
0.375014
-0.255275
-0.45998
-0.0552039
0.432673
-0.274157
1.59543
-0.142684
-0.596706
-0.580977
-0.482812
0.41205
0.393568
-0.437149
-0.0372777
0.473101
0.749037
0.546326
0.231276
-0.383375
0.139157
-0.613769
-0.566236
-0.668444
0.661161
-1.0845
-0.661027
1.22516
1.43446
-0.0221507
-0.00220571
0.0782952
0.745851
1.2489
-0.0760013
1.05668
0.235679
-0.659538
-0.61161
-0.279244
0.755883
0.375683
-0.397798
0.0337714
0.400121
0.577749
0.211057
1.41495
-0.0534067
-0.584102
-0.98768
-0.465947
-0.749414
0.0621643
-0.994791
-0.514914
0.922927
0.344425
0.408993
0.570533
0.581001
-0.1231
-0.120148
0.466416
-1.23867
-0.073138
-0.697896
-0.689265
-0.411273
0.297332
0.443309
0.131261
0.112155
-0.0690383
-0.195124
0.593963
1.09796
1.37706
0.889421
0.39038
-0.194645
-0.597608
-0.643967
-0.701645
-0.432301
0.55317
0.255864
1.08716
0.395596
0.0834031
1.22694
1.59731
-0.382103
-0.685075
0.291157
-0.528515
-0.509095
-0.218186
0.68327
0.696318
-0.00434085
-0.0369087
0.516627
0.901812
0.0989133
0.802949
1.31998
1.0778
-0.0846183
0.00384073
-0.328212
-0.314846
-0.672786
-0.667101
0.546603
0.20564
0.41586
-0.114008
-0.0659352
2.7651
2.51753
0.376027
0.286204
0.49294
-0.268333
-0.166806
-0.262483
-0.355749
0.0725069
-0.850543
-0.580296
1.04558
2.15441
-0.404277
-0.819222
0.666835
0.228245
0.241533
0.516865
0.210228
0.0813149
-0.1723
0.0769216
2.4296
0.0149357
0.368237
-0.403795
-0.755835
0.314092
0.607273
-0.52414
-0.871724
0.894817
0.00583154
0.218634
0.206506
0.363792
0.758994
-0.220975
0.305701
0.474851
0.537498
-0.166158
-0.220594
0.310743
0.696932
0.153386
0.427886
0.216373
-1.44171
0.000482551
-0.0466709
3.00661
1.54668
-1.23587
-0.688909
-0.404089
-0.43442
0.711457
0.0266633
0.0429742
0.378344
-0.0176993
0.00316859
0.172701
0.410505
0.433031
-0.211262
0.551406
0.427123
0.182642
-0.644059
0.88209
0.869564
-1.1031
-0.984065
-0.253555
-0.240545
-0.8736
-0.525365
-0.285075
2.30687
0.893977
-0.230322
-0.0662999
-0.061439
-0.659722
-0.0758971
-0.340133
-0.280233
-0.657515
-1.02078
-0.793172
-0.523667
-0.280398
0.731458
0.72629
0.50925
0.19107
0.013309
0.383758
0.664101
0.266073
-0.670622
-0.887257
-0.649195
-0.98848
-1.84876
-0.937673
-0.870942
1.65708
0.481286
0.601205
0.246531
0.0543052
0.202573
0.200846
-0.269946
-0.0169257
-0.618581
-1.19098
-1.14425
-0.884892
-0.54625
0.26888
-0.465561
-0.158383
0.118583
0.255178
-0.136845
-0.0503373
-0.57882
-0.111472
-1.00556
-0.616041
-1.12273
0.426085
-1.20795
-0.897778
0.5236
2.0827
0.810858
0.580571
0.0743386
-1.01413
0.783557
0.448658
0.809595
-0.699185
-0.996099
-0.904299
-0.572701
-0.0800531
0.873881
-0.856652
-0.975589
-0.989495
-0.993626
0.500245
-0.66625
0.279526
0.392914
-0.825935
-0.163345
-0.959837
0.650284
-1.40946
-0.638221
0.484578
0.790213
0.481423
0.314209
-0.15555
-1.30512
0.204063
-0.777899
0.518172
-0.386394
-0.983008
-0.819694
-0.66795
-0.553732
0.63955
-0.653547
-0.675885
-0.191224
0.146034
0.142626
-0.172955
0.35121
0.381459
-0.739267
-0.391953
-0.853693
1.09768
-1.4125
-0.751764
-0.270427
1.4125
0.464178
0.241215
-0.16684
-0.694253
1.23249
-0.64358
0.59944
0.269407
-0.710548
-0.684382
-0.479993
0.180545
1.3182
-0.927766
-1.55219
-1.40322
-1.07208
1.05693
-0.210004
-1.44303
-0.462278
-0.666706
-0.347363
-0.617462
0.00284355
-0.369495
-0.0870938
-0.0264362
1.09077
1.01884
0.574341
0.0822103
0.0431091
1.18575
-0.452867
0.450334
-0.243621
-0.0169736
-0.131644
-0.228316
-0.207334
0.222427
-0.0142689
-1.45745
-0.361964
0.400345
-0.33664
-0.59953
-1.34735
-1.42734
-1.06236
-0.23591
-0.359623
-0.704071
-0.0364126
0.0587614
0.700644
1.59062
0.880673
-0.243947
-0.694491
-0.0608052
0.122644
-1.12584
0.37546
0.224101
0.00890907
0.0685765
-0.119442
0.050247
0.823784
0.395417
-0.742782
-0.310921
-0.00929239
-0.00851277
-0.681077
-0.17411
-1.04143
-0.497531
0.174081
-0.0746116
-0.832353
0.0757076
0.1816
-0.11047
1.10789
1.00852
-0.0872399
-0.606093
0.0590093
-0.268951
-0.392172
-0.0274403
-0.050494
0.359659
0.304561
0.436853
1.22944
0.685568
0.405206
-0.950774
-1.56826
-1.81859
-0.342678
3.3114
1.21453
-0.892846
-0.220099
-0.0117008
0.123586
-0.239939
0.145539
0.329461
0.239065
0.845615
0.856957
0.302253
-0.270011
-0.583673
-0.913914
-0.985065
0.366079
-0.551065
-0.0801687
0.0979458
-0.0235186
0.35327
0.873064
0.883481
0.50219
0.771756
0.959338
-0.0465351
-0.357978
-0.391727
-1.87313
-0.322724
-0.308829
-0.322294
-1.24667
-0.0466728
0.0421748
0.504657
1.05504
-0.0388283
-0.0275272
-0.148036
-0.983314
-0.121079
-1.18792
-1.06144
-0.898969
-0.290413
-0.0620542
0.697434
2.72214
1.0035
1.81394
-0.118409
0.207396
0.434112
0.193073
0.394408
-0.241713
-1.69397
-0.443579
-0.684665
-0.434852
0.0981228
-0.619518
-0.381163
-0.480569
1.17205
0.248236
0.706467
0.825752
-0.562228
-0.758133
-0.223525
0.457956
-0.790133
-0.578897
-0.408573
-0.131335
0.67422
0.585406
1.25533
-0.292223
-0.369032
-0.391227
-0.011533
-0.446206
-2.04689
-2.06501
-0.890374
-0.736368
-0.87755
0.0587288
-0.894087
-0.659987
-0.773836
1.44505
0.766915
0.497554
0.460663
0.655039
-0.995142
-1.25467
0.503015
-0.120461
-0.762705
-0.552011
-0.596097
-0.190693
0.875119
0.707242
-0.553175
-0.468674
-0.302404
0.260909
-0.292552
-1.5922
-1.75683
0.232738
-0.330169
-0.391636
-0.230287
-0.375585
-0.0918855
-0.155255
1.64208
0.437915
-0.0883029
-0.109763
0.947939
0.174275
-0.383625
0.974877
0.751778
-0.306219
-0.18535
0.236453
1.40835
0.701055
0.593269
-0.372248
-0.0414039
0.188819
-0.350579
0.394973
-0.984812
-1.32762
-0.731753
-0.392716
-0.413549
-0.44453
-0.353393
-0.246473
0.536598
1.10388
0.506926
0.244991
0.171501
0.0213537
-1.33021
-0.14496
0.851593
-0.00478614
-0.584232
-0.457478
-0.580111
0.230162
0.71343
1.07507
-0.173849
-0.638301
-0.816692
0.0911545
-0.462373
-0.565093
-0.839562
-0.12234
-0.67402
-0.654142
-0.252966
-0.617472
-0.605484
0.431376
1.48793
1.02424
0.667669
0.402736
0.146084
-0.635203
-0.664166
0.913458
0.0269238
-0.856047
-0.870824
-0.818157
-0.102977
0.75984
0.699417
-0.354346
-0.25653
-0.0486068
0.970436
0.956911
-1.2936
-0.804647
-0.140152
-0.470861
-0.755056
-0.00460378
-0.433931
-0.403193
-0.857243
0.890679
0.704073
0.456073
0.0669874
-0.360383
0.0883039
0.0752314
-1.05022
0.831231
-0.0907559
-0.271638
-0.378458
-0.970397
-1.01717
-0.861288
1.35993
3.35425
4.33665
-0.148355
-3.54681
1.861
0.445353
1.63595
0.515851
-0.488149
0.156149
-0.331393
-0.322096
-3.03106
1.33126
-0.711282
-1.77808
-1.67239
1.67913
-0.178957
-0.471895
1.55673
1.04353
-0.802544
-0.532211
-0.380004
0.708186
0.915013
0.355816
0.313308
0.464298
0.569367
0.436681
0.149445
0.0858689
-0.459185
0.819729
-0.65287
-1.17164
-0.717431
-0.95643
-0.823131
-1.78012
-0.0106147
0.521623
0.116536
-0.30409
-0.424444
-0.233014
-1.08017
-0.576759
0.134052
-0.897158
-0.91516
-0.404448
0.306731
0.350776
-0.991604
-0.958216
-0.568101
-0.129783
0.147412
-0.422313
-0.0774002
-0.229475
-0.437983
-0.218704
-0.568349
-0.0410933
-0.851864
-0.453248
-0.408753
0.96837
0.624586
0.171147
-0.478674
-1.00347
-0.148012
-0.874693
0.577549
0.207721
-0.699255
-0.501334
-0.198628
0.630547
0.736446
-0.511282
-0.92317
-0.459978
-0.0218674
0.13614
-1.17232
-0.970952
-0.793011
-0.598912
-0.728013
-0.660319
0.260327
-0.889428
-0.34696
0.350975
-0.389421
0.62432
0.504317
0.165309
-0.410565
0.574312
-0.388748
-0.00875845
-0.460209
-0.458694
-0.507673
-0.268423
0.526003
0.352735
-1.18965
-2.23868
-0.978669
-0.101875
-0.101923
0.00697564
-0.432134
0.0234215
-0.56664
0.00440064
-0.137454
0.139462
-0.417479
-0.190938
-0.15442
0.400773
-0.48961
-0.521243
-0.526077
-0.265541
1.15391
0.805873
-1.06512
-0.577527
0.318756
0.298536
0.089393
-0.0428254
0.433746
-2.38092
-3.1343
-1.50329
-0.368326
-0.59849
-0.323576
-0.963646
1.00623
0.572984
1.59207
1.28253
1.44397
0.682541
0.768071
-0.807215
0.4398
-1.62023
-1.42216
-0.89333
0.0937527
-0.574784
-0.756483
-1.11008
0.683731
1.51313
1.50704
0.974126
-0.778483
0.356848
-1.89423
-1.18342
0.542083
1.60513
-0.981238
-1.21941
-1.12776
1.96037
1.16218
3.13569
2.55988
2.37295
1.95529
1.94948
-1.41719
0.0598264
-2.52426
-3.09015
-2.68422
1.2493
-1.09787
0.315687
-0.879798
2.14919
3.10282
3.04435
2.66616
1.0589
0.722638
-1.81816
0.176548
0.169496
0.151191
-2.74002
0.752055
0.434919
1.37678
2.77663
3.78023
3.11334
2.00539
2.72122
3.05941
-1.27594
-2.2374
-3.83429
-3.73896
-3.04501
0.353147
-0.48707
0.259579
-0.0946825
0.561768
2.96667
3.38039
2.41104
0.11679
1.76414
0.0376238
0.911588
0.236313
-0.860119
-2.76902
-0.840987
0.929585
0.757498
1.15677
3.62578
3.11729
0.652981
2.61679
2.84483
-0.0366669
-1.44222
-2.25441
-3.36117
-3.41504
-0.373387
-0.53529
0.632842
0.734498
0.539338
2.92933
3.17466
2.63652
1.13491
1.8305
0.462007
1.18439
0.831826
0.108103
-2.85643
0.221825
-0.146158
-0.999353
0.405871
2.64688
2.56854
0.00628969
1.90487
2.46579
0.542324
-0.914962
-1.89083
-2.19472
-2.17393
-1.3666
-1.23933
0.490636
0.952436
-0.00365946
1.9864
2.17942
1.68559
0.661493
1.69827
0.815778
1.16767
0.811734
0.139467
-1.79343
0.277581
0.123224
-0.702438
0.259519
1.39518
1.24966
-0.79402
1.18503
1.41844
0.78649
-0.282925
-0.994515
-1.16016
-1.15588
-0.684224
-0.408336
0.800648
0.854129
-0.31415
0.786922
1.00602
1.1028
0.891123
1.30153
0.300435
-0.0659538
-0.18112
-0.359056
-1.24449
0.288845
-0.417177
-0.785594
-0.24751
0.61244
0.341615
-1.2674
0.302059
0.525344
0.954506
-0.401858
-0.226021
-0.622103
-0.810855
-0.603702
-1.07834
0.0446385
0.585034
-0.0856951
0.168132
0.423939
0.350838
0.0671319
1.10092
0.414324
-0.319242
-0.489747
-0.547395
-0.358495
-0.324368
0.040197
-0.327967
-0.221819
0.482248
0.0409519
-0.650298
0.21096
0.0857043
0.0857373
0.287026
0.272126
-0.495903
-0.857593
-0.315781
-0.68238
-0.400677
0.851268
0.837926
-0.20345
0.233437
0.316201
0.447426
1.28851
0.0842962
-0.705573
0.290072
0.982905
-1.41949
0.608455
-0.785408
-0.859224
-0.66075
0.0483686
-0.241732
-0.396732
-0.0139212
0.0731495
0.0300131
1.35831
0.327524
-0.341818
-0.55087
-0.402061
-0.373054
0.752281
0.585109
0.0416479
0.0794925
0.755056
0.965267
2.49969
2.65092
-0.990329
-0.402593
-0.715981
-0.934056
-0.284828
0.33009
-0.544983
0.493789
-0.32873
-0.729221
-0.970273
-0.27125
-0.970222
-0.466045
0.230976
-2.5875
-0.509292
0.256659
0.0223743
-3.11652
-0.0619316
-0.0969986
0.418674
0.180052
-1.02207
-0.871286
-0.152531
0.079236
0.131952
1.18611
-0.263023
0.387798
0.84068
-0.0984937
1.317
0.575592
-2.67074
-0.716509
1.02027
0.854773
-3.01345
0.265103
-0.492608
-0.298072
-0.115299
-0.173271
0.130156
0.278794
-0.476647
-1.8493
-0.445926
-0.199122
1.87191
-1.18541
-0.478932
0.338987
1.51637
0.894457
1.31602
0.256094
0.267899
0.294676
0.498999
1.53721
-0.407938
-1.50404
-1.00968
-0.278887
-0.101879
-1.88268
0.150714
-0.145298
-1.36265
-1.93857
0.512707
0.383879
0.275907
0.108418
-0.725245
-0.708953
-0.938673
0.0164101
0.391479
0.470351
0.100819
-0.337802
-1.6488
-1.30704
-2.24672
0.500344
2.41192
-1.23244
-0.449871
0.252982
-1.70049
-1.14101
0.933323
0.733804
-1.29348
0.237378
-0.160291
-1.03193
0.373596
1.18611
-0.421294
-0.867154
2.43216
-0.0768712
0.18145
0.213909
-0.406616
0.267854
0.0550892
0.505769
2.47716
2.75278
0.173618
-0.291559
-1.33606
-1.94897
0.940902
-0.167186
-1.10399
0.284122
0.538788
0.0709918
0.446063
-0.714832
0.229215
0.306535
-0.0820476
-1.79625
0.431537
-0.356914
-0.714036
0.00108827
-0.0196632
0.583996
1.20167
0.261963
0.147822
0.0456884
-0.14809
-0.57954
-0.683978
-0.212352
-0.128163
-0.878678
-1.40093
-0.287379
-0.0500136
0.474653
-1.25417
0.197375
-0.00934317
0.16808
-0.83829
-0.0436196
0.0505552
0.640116
-0.836142
0.599361
0.303956
0.1731
0.313833
-0.686499
0.063498
0.909504
0.150947
-0.413326
-0.438442
-0.473491
-0.180927
0.333777
0.571677
-0.0339805
0.128824
0.242114
0.214425
-0.347912
-0.165031
-0.946656
0.0749602
-0.746477
-0.525452
-0.59474
-0.585167
-0.664565
0.557778
-0.556398
0.287519
0.440932
0.471648
0.231531
-0.183422
0.55633
0.977285
0.274958
-0.83407
-0.769136
-0.741141
-0.182652
-0.268757
-0.16977
-0.358975
-0.436268
-0.466693
0.557935
-0.219701
-0.492085
-0.908643
0.284238
-0.786747
-0.765178
-0.315479
-0.7961
-0.764691
0.242276
-0.972123
0.772
0.825892
0.741949
-0.156245
-0.263945
0.0513119
1.02835
0.697632
-0.91196
-0.944624
-0.670244
0.0932268
0.0804158
0.0631879
0.376558
0.263065
0.184089
1.07492
0.417323
0.767797
-0.0235266
-0.316332
-0.526074
-0.763708
-0.140192
-0.854037
-0.767655
-0.575652
-0.761719
-0.347471
0.406765
0.718839
0.522727
0.61769
0.235716
-0.307371
1.29962
-0.769945
-0.867897
-0.493198
0.440234
0.031716
0.0220354
0.403053
0.295164
0.220087
0.96297
1.7007
1.18797
0.574904
0.294031
-0.640278
-0.808725
0.779202
-0.955132
-0.930838
-0.040413
-1.4594
-1.22108
0.196247
0.842192
-0.132813
0.12226
1.87832
0.204542
0.0580493
-0.993229
-1.09869
-0.810577
0.216492
-0.431036
-0.0970146
0.246687
-0.62316
-1.22846
1.16502
3.81896
4.44403
0.185714
1.78141
-0.77263
-0.963239
1.22787
-1.08543
-0.939957
-0.0853621
-1.23963
0.500737
1.39457
1.5017
-0.0191454
-0.012566
1.0106
1.59624
-0.531947
-1.70662
-1.4616
-1.12482
-0.0403821
0.202418
1.29815
0.537612
0.637996
0.847049
1.76566
-0.409707
0.186497
1.07851
0.777182
-1.80433
-1.69273
0.850979
-1.64455
-1.58627
-0.647468
-0.405403
-0.164614
1.00854
1.33467
-0.629108
1.26821
1.17939
-0.73984
-0.413441
-2.17685
-1.94572
-1.19472
0.0750955
-0.165472
-0.0565682
-0.403571
-0.707053
-0.855448
1.92831
0.25977
0.390438
1.57096
-0.0982146
-1.19718
-1.52026
0.646004
-1.48217
-1.20106
-0.627586
-1.37075
0.358923
0.21819
0.247175
0.918749
-0.286535
-0.0932708
0.222366
0.276993
-1.49256
-1.45525
-1.49092
-1.32784
-0.988837
-0.837991
-0.429384
-0.968276
-1.34327
1.35446
-0.0481939
3.02496
0.954324
0.127328
-0.7281
-0.970307
0.0202576
-0.966891
-1.06346
-0.0702216
-0.418391
0.334225
-0.14785
-0.241511
0.944254
-0.558322
0.105534
0.734775
0.282436
-1.12471
-1.11563
-1.43597
-2.21255
-1.20205
-1.45003
0.504688
-0.268002
-0.805688
-0.427288
-0.264092
2.13962
0.110154
6.22149
0.00839797
0.13476
0.141206
0.119031
-0.157955
-0.548786
-0.0522264
-1.7392
0.543478
1.67115
-1.36408
-3.38948
0.113097
-0.0834456
-1.33011
-0.077724
0.0280009
-0.219657
-0.317342
-0.215981
-0.301309
0.876981
0.887235
0.903507
1.08701
-0.0753537
-1.19549
1.26381
0.503399
-0.222612
-0.0242821
0.259492
-0.449361
-0.48325
0.18464
-1.06937
0.100448
1.03272
1.30249
0.695897
1.5775
6.15558
-2.14394
-4.57742
-1.2653
-1.214
-0.775271
0.443528
0.327602
1.17358
0.523835
1.27998
1.80616
0.501949
-0.311097
-0.394359
-0.0107908
1.08396
-1.05293
-1.17256
0.42292
-1.34841
-1.31746
-0.730482
-1.03735
0.719824
1.14573
1.07052
-0.265473
1.09899
1.38208
0.639649
-0.499038
-1.45974
-1.23339
-0.907473
0.978915
1.48009
0.753959
0.0939666
-0.437802
-0.682254
1.68714
0.440976
0.0959606
1.5684
1.19898
-1.28536
-1.74553
1.12593
-1.65906
-1.16302
-0.403986
-2.30562
0.466664
0.367101
0.314386
0.475497
0.821831
0.313453
0.856596
-0.489119
-1.0223
-0.935333
-0.722545
-0.0527256
-0.468442
-0.913704
-2.16043
-1.63106
-0.741661
0.975746
0.0556297
0.625189
0.574343
1.10598
-0.781731
-0.799273
-0.0267865
-0.587964
-0.689443
-0.965391
-0.922289
0.772944
-0.252763
-0.475587
2.31344
1.64551
0.0300325
-0.927151
0.29645
-0.07192
0.094827
-0.205079
-0.33924
-0.317903
-2.937
-3.39263
0.508911
3.22385
-0.332361
-1.74843
-0.0548885
0.981357
0.380531
0.898581
0.466754
0.424338
0.414723
0.49856
0.0276699
-0.466575
0.293164
-1.34488
-1.8556
1.25203
-0.439537
-0.607093
0.43985
0.862884
0.779967
0.797261
0.177895
-0.611637
0.494874
-0.332801
-0.248932
0.567727
1.13601
-1.661
-1.36969
1.45343
0.813208
-0.209555
0.832772
0.358138
0.643849
0.123508
0.235754
1.27495
1.70202
0.352527
-0.965894
-1.44833
-0.571964
1.29956
0.55031
0.0154051
-0.195185
0.560125
0.671482
0.0113957
-0.0636259
2.09937
-0.590171
-0.163431
-0.984481
-1.55582
1.15137
-0.39801
-0.0783734
0.363715
-0.287904
-0.136276
-0.3687
-0.738066
-0.0228335
0.0847092
0.827133
-1.26701
0.0101692
-0.386804
-0.609443
-0.484822
-0.0812372
0.00596085
-0.440447
-0.652268
-0.529959
-0.525467
-0.28158
-0.125262
0.316073
1.32959
0.219529
-1.11378
-1.82381
0.206798
1.88408
1.68563
-0.955053
0.801615
-0.0102816
-0.29382
-1.36712
0.166495
0.166388
-0.680445
-0.872886
0.421319
-0.0750929
-0.192852
1.19758
1.25233
0.684081
-1.84487
-1.9648
-0.100837
-0.00976656
0.205836
0.479148
0.229999
0.844731
0.177911
0.786106
1.20933
-0.43235
-0.997348
-0.281495
0.223106
1.2131
-0.0505471
-0.26077
0.544352
0.0862353
0.239361
-1.78465
0.150686
0.631313
0.342235
-0.351383
-1.38592
-0.29401
-0.444093
0.595678
-0.20913
-0.115225
0.0719306
0.0216194
-0.389528
0.445257
1.06405
0.270623
-0.170491
-0.359697
0.330966
0.806051
1.31698
-0.109223
0.923076
-0.341517
-0.357526
0.888983
0.164258
0.201969
-1.58143
1.14927
-0.126038
-0.255465
-0.252336
-0.004843
-0.0849136
0.0612935
0.488385
0.161391
-0.0207059
0.230059
0.22869
0.204627
0.585205
0.857008
-0.0858895
-0.524535
-0.703418
-0.450713
-0.678401
-1.11264
-0.38036
-0.136876
-0.429635
-0.244766
1.568
0.0127866
0.145986
-1.56759
0.969618
0.309589
0.0997633
-0.271301
-1.17478
-1.2644
-0.597531
-0.441473
0.841097
0.0499183
0.104973
0.00287417
-0.165624
0.609701
0.798033
-0.332752
-1.13068
-1.49749
0.00986472
-1.33248
-0.63969
0.281272
1.53243
0.325851
0.26689
1.47302
0.523883
0.680244
-1.08066
1.58172
-0.536978
-0.450249
-0.404712
-0.382421
0.0269506
-0.199816
-1.08521
1.09014
0.658285
0.713406
0.423589
0.272084
0.343603
0.975827
1.09817
0.107718
-0.610403
-0.641492
0.00571131
0.489424
-0.301016
1.96234
0.259148
0.0864547
1.87711
0.139409
0.528442
-0.862758
0.862791
-0.47211
-0.352639
-0.462964
-1.75313
-0.698128
-0.545967
-1.4082
-0.195243
0.0293599
0.153682
-0.0465805
-0.548542
0.683287
1.28657
0.875747
-0.159881
-0.801736
-0.104458
-0.387736
0.369201
-0.783707
0.657923
-0.24628
0.0720656
1.41877
0.0910007
0.15596
-0.918721
1.39192
0.0976049
0.029146
-0.214284
-1.1516
-0.317249
-0.67277
-1.35467
-0.128308
-0.0899112
-0.0252522
-0.191338
-0.216738
0.698939
0.922384
0.166066
0.439958
0.630549
-0.234713
-0.579394
-0.528058
-0.868413
-0.135719
-0.406226
-0.285712
0.921914
-0.308395
-0.329501
-1.8576
1.20334
-0.115138
-0.46301
-0.495582
0.451174
0.756306
-0.965349
-0.536428
-0.205768
0.0485082
0.0918621
-0.203686
-1.1751
0.0408352
-0.269199
-0.653884
0.497164
1.29814
-0.468013
-2.19943
0.11507
-0.0349808
0.724249
0.596375
0.411422
1.43857
0.435604
0.466293
-1.19327
1.9506
0.128106
-1.00009
-1.21968
0.0233569
-0.518361
-0.754149
0.209543
0.759075
0.803245
0.820005
0.140418
-0.318596
0.636922
0.542927
0.290472
0.0490567
-0.106406
-0.153695
-0.397193
0.290064
-0.719559
-0.307432
0.271027
0.257272
0.819616
0.679213
0.701236
-0.808047
1.43418
-0.252594
-0.463346
-0.413348
0.359082
-0.0114354
-0.750884
0.310249
-0.232136
0.868297
0.866745
0.501843
-0.597702
-0.395626
1.29136
0.81151
1.37255
1.76296
-2.92001
-0.999906
0.59644
-2.56726
0.327794
0.733091
-0.0836039
-1.00986
0.542745
0.146972
-1.0547
1.27757
-0.230988
-0.428031
-0.868752
-1.90428
-0.120471
0.229406
0.854618
1.46789
-0.501829
-0.443987
-0.814945
-1.03293
2.30975
1.01531
-0.0402931
-0.146237
-0.178107
1.52473
-1.40941
-1.53107
-0.825433
0.57061
-0.360633
-0.90979
-1.03415
-0.17828
-0.448731
-0.332667
-0.62711
0.734429
0.603861
0.197
-0.766743
-0.387555
-0.259643
0.50793
-0.75083
-0.840643
-0.842358
-0.581
-0.250208
-0.402611
0.790773
0.093087
0.211353
0.29365
0.131285
-0.398658
-1.08289
-0.577275
-0.283915
-0.910937
-0.777259
-0.552628
-0.798503
-0.633549
-1.52298
0.900879
0.897454
0.455643
0.189
0.0631396
-0.761155
-0.620873
0.321968
-0.0475049
-0.838074
-0.926043
-1.05796
-0.774409
1.06229
0.650581
-1.08568
-0.876067
-0.476582
0.711948
-1.39692
-0.184414
-0.669611
0.892159
-0.346047
-0.741416
0.00599633
-0.580686
-0.36851
-2.41153
0.283894
1.29388
-0.343169
-1.06046
0.48222
-0.857712
-0.878985
1.17197
1.38236
-0.328412
-0.36453
0.0281328
0.72773
1.05726
0.652822
-0.867464
-1.20001
-1.31342
-0.0235484
0.326129
-0.660327
-0.940745
1.07577
0.249514
-0.330396
0.113178
-0.183474
0.147299
-2.09021
-0.204784
0.628057
-0.308853
-0.811955
-0.349874
-0.0886414
-0.455488
-0.888984
1.10394
-0.302038
-0.394231
-0.452232
-0.747845
0.378973
-0.110846
-0.165438
-1.20564
-1.92948
-0.146286
-0.121405
0.697315
-0.784491
0.609342
0.503131
-0.241916
-1.00944
0.137696
0.356001
-0.383484
0.435899
0.76302
-0.490895
-1.05497
0.0284319
-0.622459
-0.467275
0.323631
0.654734
-0.0160625
-0.0384084
-0.415623
-1.11955
0.602111
-1.14142
-1.7734
-1.55646
-1.14226
0.0997205
-0.388618
-0.135132
-0.997785
0.208268
0.118401
-0.0912227
-0.198903
0.434718
0.464692
0.0463327
0.958227
0.538039
-0.456299
-0.766716
0.432034
0.137498
0.580433
0.969543
0.485736
0.0338742
0.0782816
0.074014
-0.249612
-0.69999
-0.57382
0.438738
0.158411
-0.0366585
0.739877
-0.563042
-0.847441
-0.687692
0.395183
-0.125243
0.231598
0.0238915
0.729163
0.507724
0.764875
1.44911
-2.26008
-0.240509
0.67528
-0.87983
1.68682
1.66494
-0.468521
1.48971
0.493413
0.255541
-0.0251655
-1.12273
-1.64509
-1.10079
0.310345
-0.0144968
-0.240542
0.158694
-0.933843
0.510901
-0.154858
1.98711
-0.293598
0.106022
-0.331046
0.55856
-0.102286
-2.15517
1.15379
-3.16531
-0.320384
1.06769
-0.592776
1.4162
1.85415
-0.122768
1.06519
-0.319084
-0.414537
0.116348
0.601234
-0.166173
-0.330067
1.05746
0.203459
-0.390812
0.563211
1.04666
1.24399
-0.323147
-0.827466
-1.57037
-1.43942
0.127758
-1.48184
-1.626
-0.904765
-1.14223
1.49818
1.0267
0.786314
0.90076
-0.636834
-1.39772
1.16607
1.60037
-0.867399
-0.938255
-1.02362
-0.866826
-0.231495
-0.614637
-0.338866
-0.520498
-0.646889
0.900785
-0.292503
-0.0324592
0.95671
1.79702
-0.615586
-0.593539
0.467377
-0.703879
-0.756513
-0.494976
-0.699311
-1.46055
-0.354554
0.483647
0.909974
1.95567
-0.853227
-1.01239
1.93092
-0.194292
-0.295741
-0.497548
-0.234426
-0.209472
-0.615881
0.828699
0.290458
-0.0840839
0.623754
0.4828
1.67076
-0.00455157
-0.408142
-0.439802
-0.676562
-0.460296
-0.552318
-0.503065
0.38539
-0.880922
-0.89639
-0.15655
0.26284
0.314563
0.73279
-0.220126
-0.456357
0.478337
-0.83343
-0.87763
-1.31232
-2.03953
-0.93192
-1.60891
-0.227894
-0.306757
-0.361635
0.876007
0.286418
1.04694
0.0780424
-0.0864406
-0.304142
-0.682082
0.0277766
-0.550023
-0.897506
-0.583465
-0.706789
1.04967
0.398895
0.120044
0.7851
0.527461
1.1054
-0.153073
-0.566641
-0.374696
-0.620566
-0.826016
-1.08868
-0.682545
-1.37386
0.343039
-0.616133
-1.28358
0.402274
3.59074
3.49549
0.671996
-0.642937
0.29986
-0.336311
0.319777
-0.551995
-0.677322
1.88929
-0.517023
0.614172
0.528644
0.336276
-0.151018
-0.390669
-0.0879221
-0.694717
-1.29322
-0.0237746
-0.29511
-0.473714
-0.626209
-0.553121
-0.872866
0.382531
1.22036
1.59931
0.405053
0.668574
-0.0270595
3.83423
-1.57077
0.0772069
0.116366
3.00139
-0.150735
-0.298662
0.520698
0.721212
0.762285
0.706539
0.466208
-0.384565
0.124885
1.34737
-0.991921
-0.286319
0.0934809
0.0621726
-0.187547
-0.709034
-0.797139
-1.21474
0.813427
0.733914
0.588099
0.206022
-0.217142
1.73238
3.49206
-0.0206938
0.401745
0.897908
2.35489
0.3033
0.325806
1.70422
-0.386482
0.643833
0.0156022
-0.235296
0.803332
0.851569
-0.331308
-0.749548
0.278067
0.484888
0.587969
0.242711
-0.304426
-0.285466
-0.305068
0.602637
0.964999
1.10677
0.125805
0.250737
-0.360148
2.38977
-0.89844
0.244199
0.744162
0.549515
0.416608
0.231391
0.115884
1.05179
0.100506
-0.229773
0.117892
3.54497
2.38572
-0.69857
0.0497381
0.391161
1.31077
1.08631
0.415015
-0.999706
-1.08235
-0.255805
0.405877
0.207111
-0.0896248
-0.504012
-1.28723
-0.273586
1.01746
-0.868294
1.0656
1.66486
0.176406
1.52344
1.28741
1.18721
0.872901
-0.0513364
-0.310754
-0.318807
0.589672
0.930697
0.111882
1.02924
0.406028
1.59872
1.37889
1.26078
1.10992
0.229251
0.409651
1.87099
0.893072
-0.188621
-0.84178
1.62018
1.33039
0.921064
-0.316406
0.043455
-0.0829417
1.54955
-0.463611
-0.154622
0.188785
-0.957384
-0.448338
-0.130762
-0.0475222
-0.560502
-0.867597
1.19967
0.99137
-1.02585
0.0651443
0.120891
-0.0719413
0.0292703
-0.00178868
0.332047
0.658988
-0.752119
-1.73406
0.00942045
-0.277227
0.785929
0.744945
-0.77998
-0.36423
-0.313908
0.502175
-0.489855
-0.575624
0.355445
-0.679095
0.650326
0.752848
0.728584
0.0836017
-0.218258
0.176313
0.635621
-0.988186
-0.589496
-0.558653
-0.567416
-0.38222
-0.0886562
0.19614
-0.263416
-0.17056
0.0169418
0.727931
-0.439385
-0.294439
1.45347
-0.51305
-0.466273
-0.490214
0.823273
-0.616513
-0.663813
-0.110506
0.150463
1.11346
0.877852
0.747547
0.906223
1.25464
0.769398
0.657931
-0.589182
-0.34946
-0.494334
-0.593571
-0.641408
-0.560675
-0.360787
-1.06449
-1.26754
-1.34089
0.240478
-1.46753
-0.401983
0.948143
-1.0027
-0.299887
-0.287553
0.866657
-0.283796
-0.287699
-0.0762588
-0.2998
1.29111
0.727677
0.113687
-0.141673
-0.0631016
-1.00264
-1.79017
0.198173
-0.23731
-0.210211
-0.392063
-0.556186
-0.227872
-0.827234
-1.03975
-1.23571
-1.32702
-0.230632
-0.0126462
-0.131836
0.367583
-0.119113
0.654255
0.479435
0.220385
0.406337
0.51818
0.821528
0.908859
0.8843
-0.025188
-0.374315
0.891662
0.368606
0.0320938
-0.668586
0.121441
0.558794
0.503389
0.724314
1.08462
-0.28757
-0.0469992
0.678824
0.462756
0.0356506
-1.43897
0.691497
-0.182754
-0.519422
-1.00317
0.84988
0.498737
0.697417
0.317433
0.530139
1.03782
1.35548
-0.245268
-0.415655
-0.417685
-0.236199
-0.816084
0.269357
-0.761904
-1.02422
0.150792
0.156818
0.598798
3.04226
2.45572
0.314525
0.245425
-0.0967032
-0.462263
-0.688574
0.710668
0.68139
-0.380637
-0.88047
1.71413
0.780639
-0.819619
0.0499199
0.107833
0.126787
0.517855
-1.82447
0.182285
0.724963
-3.48305
-0.0155685
0.400198
0.494311
-3.48545
1.60917
0.901389
1.25214
1.57837
0.642386
0.738003
-0.540302
0.686325
1.53989
0.962715
-0.636323
-2.16736
-1.34916
0.450619
-2.03551
-2.41259
-0.560219
-2.46817
-1.53863
0.538294
-0.139
0.586243
0.903378
0.758599
-1.07435
-0.427055
-0.346496
-1.18997
-1.00405
-0.811863
-0.917285
0.2886
1.86239
0.338002
-0.0904
-1.33073
-0.828567
-0.0950944
0.851231
0.212792
-1.54671
0.335364
-0.141081
-0.378381
-0.821004
-1.85036
-0.933125
-0.759405
-0.146099
-0.0876715
0.853884
0.171422
-0.153738
0.331793
0.033463
-0.271499
-0.156438
-1.0008
-0.240744
-0.398225
0.49496
2.10253
0.298841
-0.0804911
-0.429712
0.550882
1.23324
-0.400785
-0.406895
-0.574609
-0.309602
-1.08915
0.0178698
-0.0896763
-2.80451
-0.136117
0.134467
0.459032
-1.28159
0.231299
0.0691085
-0.278316
-0.757468
-0.66914
-1.16622
-0.854578
-0.700486
-0.0621381
-0.18468
0.641745
1.50542
0.291806
1.04713
0.031805
0.228096
0.364688
0.217678
1.31274
0.110935
-0.389122
-0.485261
0.0670904
0.137002
-1.16905
-0.00586287
0.037378
-0.345844
-1.29166
0.472742
0.0938546
-0.100812
-0.0782056
-0.810647
0.295662
-1.81199
-0.257355
0.483842
0.351829
0.595387
1.13094
-0.144102
-0.0122108
-1.32317
-0.357839
0.3139
-1.56305
0.963617
-0.597057
0.609123
0.398448
0.657361
0.290734
0.0863189
0.412384
0.264798
-1.98
-1.11999
-0.540579
-0.534425
-0.493699
-0.101185
0.0261765
-0.191192
-0.139157
-0.156283
0.380074
0.386334
0.493371
0.506112
0.724643
-0.334028
-1.67131
-1.04434
-0.425202
-0.163128
-0.583259
-1.25456
1.7192
0.623371
1.08599
0.722211
1.06916
0.911688
0.963145
-1.04271
-0.151951
0.0211486
-1.10341
-1.44241
0.761839
-0.435823
-0.50673
0.0508483
0.81046
0.883333
1.02033
1.07127
0.46988
0.355276
-0.390375
-0.614441
0.181655
0.735628
-1.51583
-0.909397
-1.7231
0.238129
-0.489735
1.22857
1.36345
0.789877
1.78066
1.89592
-0.993002
-1.31679
-0.624711
-1.28418
-1.47542
-0.148553
-0.907047
-0.494863
0.326613
0.800035
1.3681
1.40118
1.22281
0.757375
0.479123
0.437541
0.0460044
0.0215174
-0.0236428
-1.56948
-0.351822
-1.05525
-0.419557
0.815217
1.82851
1.4325
-0.183596
1.83258
2.0428
0.491424
-0.953942
-0.668073
-1.07149
-1.19337
-0.427188
-0.842162
-0.423205
-1.46722
0.657784
1.38878
1.4968
1.35025
1.18526
0.409277
0.581729
0.569363
0.862641
1.06672
-2.61593
0.883996
0.00363967
-2.07507
-0.841013
2.66002
3.11325
-2.81661
2.67498
2.0767
0.482138
1.27085
-0.617191
-0.893281
-0.900039
-0.275502
-0.0231575
0.205051
-0.431266
0.709395
1.82227
1.78971
1.00584
-0.527046
0.392692
-0.358417
-0.587635
-0.688069
-0.839703
-1.43893
-0.297178
0.138688
-0.476495
-0.0681731
0.559846
0.237132
-0.235905
0.643365
0.955461
0.830802
-1.38345
-0.607902
-1.07017
-1.14962
0.101037
-1.10758
-0.302167
0.26343
-0.626727
1.22073
1.26889
1.05595
0.110592
-0.173633
0.320601
-0.0149831
0.100437
0.180753
-0.536803
0.118349
-0.459309
-1.69546
-0.335251
0.857048
1.20766
-1.03867
1.58594
1.20091
1.49375
0.399346
-0.135873
-0.361592
-0.522567
-0.605606
-0.330675
0.531827
0.704848
0.117216
1.43093
1.42068
1.12782
0.699492
-0.354998
-0.70239
1.03477
0.966003
0.803316
-0.960179
0.580976
0.0225152
-2.03371
0.387342
0.903644
1.38385
-0.961633
1.47
1.32911
1.32628
-0.0772082
-0.324857
0.0113245
0.150441
-0.17848
0.333091
0.102056
0.349827
0.494154
0.763474
0.762464
0.665542
-0.0286254
-0.355262
0.297958
1.4792
1.22265
0.783315
-0.117228
0.641114
-0.00311146
-1.28525
-0.340832
-0.0935985
0.303539
0.114523
0.106429
0.323785
0.530368
-0.345464
-1.90236
-0.255614
0.582638
-0.0813404
0.727744
0.474383
0.752407
0.484046
0.247237
0.331411
0.66756
0.473353
-1.66797
-0.337493
0.839824
1.33769
1.52861
-0.282873
1.64794
0.272971
-0.511992
0.638595
-0.549365
-0.104813
-0.295497
0.328331
0.163801
0.811903
0.697474
-1.62728
0.322752
1.20427
-0.472746
0.632797
0.687731
0.0814874
0.627392
-0.662162
-0.802974
-0.540818
-0.605893
-0.854314
0.0564522
0.473136
0.36701
0.293162
0.377384
0.314887
-0.87676
-0.0231441
1.00498
-1.07529
-0.477309
-0.485215
0.0125196
-0.178874
-0.143546
0.48978
-1.76218
0.601463
1.74622
0.190036
0.244466
-0.460291
1.22783
0.537307
-0.663299
-0.647412
-0.525674
-0.163404
-0.551102
1.3569
0.900273
0.835352
0.814715
1.37273
-0.171957
-0.228818
-0.360508
1.191
-1.33149
-0.806622
0.0945138
-0.828606
-0.890144
-0.139012
-0.880303
-0.989042
0.754025
1.55423
0.07285
0.286166
0.356728
0.679351
-1.26557
-0.213284
-0.586862
-0.389544
-0.0721719
-1.13259
0.525197
-0.0517559
-0.271626
-0.35661
0.283426
-0.765142
-0.304813
0.411983
-0.662495
-1.05577
-0.785397
-0.0856057
-0.708905
-0.949997
-0.861049
-1.42806
0.535739
1.08802
1.06043
-0.293454
0.0702739
-0.502261
-2.16518
0.0849055
-1.29033
-1.51658
-1.25783
-1.08527
-0.123844
0.4318
-0.724717
-1.43822
-1.75364
1.756
-0.0426942
-0.748574
1.34808
0.515744
-0.436974
-0.314329
-1.15844
-0.159286
-0.745765
0.34867
-0.317106
1.22222
0.625522
0.420352
1.41361
0.716385
0.127094
-0.363881
0.385978
0.2735
0.025966
-0.212321
-1.59211
-2.1376
-2.03141
-0.437664
-0.454624
-0.466426
-0.211009
-0.847634
0.273864
0.349488
-1.57539
0.318089
0.680633
-0.892777
0.581445
-0.00125624
1.53279
0.0913445
0.95584
0.252966
-0.0783452
0.347411
-0.87821
-1.05274
0.074957
0.0826911
0.414857
0.273962
-0.491226
-2.08264
-1.27505
-0.789585
0.0109806
0.215852
0.286944
0.19514
-0.652849
-0.080249
0.166943
-1.30831
0.0059651
0.434081
-0.662178
0.478427
0.0206678
1.02132
0.300986
0.311814
0.362397
0.379667
0.125943
-0.345621
-0.104867
0.334401
0.119108
0.27774
0.119809
-0.336872
-1.45881
-1.35013
-0.0496619
0.994903
0.976272
0.930395
0.0815025
0.224107
-1.30667
-0.261791
-2.2906
-0.432001
0.218537
-0.460548
0.283199
-0.209068
1.01042
-0.0548701
0.657249
0.438287
0.508022
1.95531
0.638783
-0.693487
0.471193
0.194795
0.286607
0.195205
-0.0238492
-1.18771
-1.04454
0.248705
0.638463
-0.0590061
-0.544349
0.149201
-1.4744
0.489294
1.0611
-0.576364
0.260826
0.665752
-0.230596
0.839968
0.584894
0.747416
0.696957
-0.369397
0.172298
0.442804
0.298715
1.17576
-0.465809
-0.586247
0.855174
0.882821
0.729053
0.340161
-0.356536
-0.677049
1.01853
1.5973
0.767612
0.0397038
-0.151197
1.54285
0.754166
0.568462
-2.21211
-0.0522721
0.210829
0.340974
0.45444
0.273415
1.02616
-0.248725
-0.161662
0.151725
0.255472
-0.14461
0.0976041
0.105804
-0.612325
-0.836983
-0.128972
-0.100723
-0.246025
-1.00589
-1.17714
0.592208
1.31865
0.0392853
-0.850977
0.186709
0.0590052
0.365012
-0.10502
-1.69704
-0.241727
-0.0841586
-0.0215037
-0.0508767
-0.124131
0.765312
-0.216458
0.461313
0.389637
0.283811
0.0412076
-0.637691
-0.438281
0.323985
-0.566434
-0.362176
-0.341446
-0.408937
-1.03383
-0.833835
0.0975094
0.130275
-0.247117
-0.509729
0.264305
-0.0463905
-0.308867
-0.11149
-0.409877
-0.228078
-0.104174
0.456195
-0.00690058
-0.0272134
0.37031
-0.244376
0.266573
0.434842
0.372357
-0.533286
-0.464878
-0.14448
-1.10852
0.480921
0.153909
0.0651374
0.148242
-0.158362
-1.02103
0.439315
0.86023
0.295277
-0.0978526
0.228668
-0.0554815
1.02003
0.118787
0.0658153
0.295908
0.447189
-0.410798
0.579256
0.377183
1.06053
-0.73464
0.387688
0.491921
0.476651
-0.0249479
0.093558
1.5739
-1.81481
-1.8917
0.490085
0.459203
0.2033
0.000684058
-0.794374
0.761574
0.962317
0.735292
0.534373
0.479338
0.719775
-0.191967
0.86448
1.35807
-0.344202
0.509554
0.658465
0.141864
0.128684
0.894187
-0.484898
-0.682889
0.480539
0.937886
-0.670066
-0.525839
0.798066
0.973735
-0.644804
-0.190254
-0.136336
-0.167297
-0.472215
-1.19741
0.687346
1.05243
0.259488
-0.292293
0.948097
-1.21266
-0.725804
0.0750862
0.596696
-1.24827
-0.257082
0.303877
-0.0486479
-0.454373
0.572259
-0.0509775
0.65667
1.22409
1.28218
-0.642146
-1.36609
-0.199406
0.458318
-0.386177
-0.599745
-0.627441
-0.302381
-0.0260752
-1.52074
0.381676
-0.135591
0.0544966
0.259156
0.373319
-0.250558
-1.77144
-0.407879
1.18132
-0.859682
0.0542934
0.428674
0.53682
-0.270529
-0.944944
-0.0889021
0.713262
1.03292
1.05602
0.247788
-0.0603252
-0.122156
0.492296
1.10697
0.11652
-0.0494284
0.520296
0.63026
-0.475646
0.970175
0.630091
0.630091
