0.317224
0.301556
0.282324
0.259808
0.234329
0.20625
0.175967
0.143905
0.110513
0.0762565
0.0416121
0.0070599
-0.026923
-0.0598688
-0.0913259
-0.120865
-0.148084
-0.172618
-0.194137
-0.212359
-0.227046
-0.238013
-0.245129
-0.248317
-0.247558
-0.242887
-0.234398
-0.222239
-0.20661
-0.187761
-0.165987
-0.141627
-0.115055
-0.0866774
-0.0569266
-0.0262542
0.00487506
0.03599
0.0666196
0.0962999
0.12458
0.151031
0.175248
0.196858
0.215526
0.23096
0.242912
0.251185
0.255634
0.256168
0.252753
0.245409
0.234214
0.2193
0.200852
0.179104
0.154339
0.126881
0.097095
0.0653767
0.0321508
-0.00213596
-0.0370216
-0.0720346
-0.106701
-0.14055
-0.173121
-0.203971
-0.232679
-0.258851
-0.282128
-0.302189
-0.318755
-0.331594
-0.340522
-0.345407
-0.34617
-0.342786
-0.335284
-0.323746
-0.308306
-0.289148
-0.266503
-0.240645
-0.211889
-0.180586
-0.147116
-0.111885
-0.0753194
-0.0378597
4.57666e-05
0.037946
0.0753936
0.11195
0.147192
0.180717
0.212145
0.241129
0.267353
0.29054
0.310452
0.326895
0.339719
0.34882
0.354141
0.355671
0.353444
0.347541
0.338084
0.325234
0.309192
0.290193
0.268502
0.244409
0.21823
0.190296
0.160951
0.13055
0.0994502
0.068008
0.0365754
0.00549425
-0.0249067
-0.0543161
-0.0824434
-0.109022
-0.133811
-0.156599
-0.177204
-0.195476
-0.211299
-0.224586
-0.235287
-0.243381
-0.248879
-0.251822
-0.252278
-0.250344
-0.246136
-0.239794
-0.231477
-0.221356
-0.209618
-0.196458
-0.182077
-0.16668
-0.150471
-0.133654
-0.116427
-0.0989812
-0.0814981
-0.0641483
-0.0470894
-0.0304651
-0.0144038
0.000981933
0.0155958
0.0293579
0.0422048
0.0540887
0.0649774
0.0748527
0.0837102
0.0915572
0.0984123
0.104303
0.109265
0.11334
0.116576
0.119021
0.120728
0.121749
0.122137
0.121939
0.121205
0.119975
0.11829
0.116182
0.113682
0.110811
0.10759
0.104031
0.100143
0.0959314
0.0913982
0.0865424
0.0813613
0.0758517
0.0700104
0.0638352
0.0573259
0.0504855
0.0433203
0.0358414
0.028065
0.0200131
0.0117136
0.00320086
-0.00548416
-0.0142942
-0.0231756
-0.032069
-0.0409096
-0.0496279
-0.0581506
-0.0664013
-0.0743017
-0.0817729
-0.088736
-0.0951142
-0.100833
-0.105823
-0.110019
-0.113363
-0.115804
-0.117302
-0.117824
-0.117349
-0.115866
-0.113376
-0.109892
-0.10544
-0.100056
-0.0937895
-0.0866994
-0.0788565
-0.0703415
-0.0612434
-0.0516595
-0.0416934
-0.031454
-0.021054
-0.0106084
-0.000232857
0.00995782
0.0198513
0.0293391
0.0383185
0.0466935
0.0543765
0.0612891
0.0673637
0.0725439
0.0767858
0.0800577
0.0823416
0.0836322
0.0839379
0.0832797
0.0816914
0.0792188
0.0759189
0.0718589
0.0671151
0.0617719
0.0559202
0.0496562
0.0430798
0.036293
0.0293987
0.0224988
0.0156927
0.00907632
0.00274023
-0.00323141
-0.00876196
-0.0137834
-0.0182371
-0.0220747
-0.0252584
-0.0277616
-0.0295686
-0.0306754
-0.0310886
-0.0308259
-0.0299147
-0.0283925
-0.026305
-0.0237061
-0.0206561
-0.0172212
-0.013472
-0.00948213
-0.00532742
-0.00108424
0.0031716
0.00736607
0.0114281
0.0152905
0.0188914
0.0221746
0.0250905
0.0275971
0.0296598
0.0312527
0.0323577
0.0329654
0.0330749
0.0326931
0.0318348
0.0305223
0.0287842
0.0266555
0.024176
0.0213903
0.0183463
0.0150943
0.0116863
0.008175
0.00461269
0.00105044
-0.00246276
-0.0058808
-0.00916117
-0.0122656
-0.0151606
-0.017818
-0.0202148
-0.0223342
-0.024165
-0.0257018
-0.026945
-0.0279003
-0.0285787
-0.0289957
-0.0291712
-0.0291287
-0.0288945
-0.0284975
-0.0279682
-0.0273378
-0.0266381
-0.0259001
-0.0251538
-0.0244277
-0.0237475
-0.0231365
-0.0226145
-0.0221977
-0.0218984
-0.0217248
-0.021681
-0.0217669
-0.0219781
-0.0223064
-0.0227398
-0.023263
-0.0238578
-0.024503
-0.0251758
-0.0258517
-0.0265049
-0.0271094
-0.0276392
-0.0280689
-0.0283743
-0.0285326
-0.0285233
-0.028328
-0.0279312
-0.0273204
-0.0264862
-0.0254224
-0.0241262
-0.0225979
-0.0208412
-0.0188624
-0.0166707
-0.0142777
-0.0116971
-0.00894415
-0.00603538
-0.00298821
0.000179552
0.00345015
0.00680623
0.0102313
0.01371
0.0172283
0.0207741
0.024337
0.0279085
0.0314822
0.0350535
0.0386197
0.0421795
0.0457331
0.0492817
0.0528267
0.0563699
0.0599126
0.063455
0.0669959
0.0705321
0.0740576
0.0775633
0.0810365
0.0844604
0.0878139
0.0910709
0.0942006
0.0971673
0.0999301
0.102444
0.104657
0.106518
0.107966
0.108943
0.109385
0.109227
0.108406
0.106859
0.104523
0.10134
0.0972575
0.092227
0.0862076
0.0791671
0.0710825
0.0619417
0.0517441
0.0405021
0.0282412
0.0150013
0.000836497
-0.0141841
-0.0299767
-0.0464429
-0.06347
-0.0809316
-0.0986889
-0.116591
-0.134477
-0.152178
-0.169515
-0.186308
-0.202371
-0.217518
-0.231564
-0.244328
-0.255634
-0.265317
-0.27322
-0.279201
-0.283134
-0.284907
-0.284432
-0.28164
-0.276483
-0.268942
-0.259017
-0.246737
-0.232158
-0.215359
-0.196446
-0.175551
-0.152829
-0.128459
-0.102638
-0.0755868
-0.0475395
-0.0187462
0.0105314
0.0400228
0.0694517
0.0985393
0.127007
0.154582
0.180995
0.205992
0.229328
0.250779
0.270136
0.287215
0.301856
0.313924
0.323314
0.329949
0.333781
0.334797
0.33301
0.328468
0.321247
0.311452
0.299218
0.284703
0.268091
0.249586
0.229412
0.207809
0.185027
0.161328
0.136979
0.112249
0.0874073
0.0627166
0.0384329
0.014801
-0.00794863
-0.0296027
-0.0499674
-0.068871
-0.0861654
-0.101728
-0.115463
-0.127303
-0.137206
-0.14516
-0.15118
-0.155308
-0.15761
-0.15818
-0.157128
-0.15459
-0.150716
-0.145671
-0.139633
-0.132788
-0.125329
-0.117449
-0.109343
-0.101201
-0.0932057
-0.085531
-0.0783376
-0.0717712
-0.0659606
-0.0610149
-0.0570228
-0.0540505
-0.0521415
-0.0513154
-0.0515684
-0.0528731
-0.0551793
-0.058415
-0.0624877
-0.0672861
-0.072682
-0.0785328
-0.0846835
-0.0909699
-0.0972212
-0.103263
-0.10892
-0.114019
-0.118393
-0.121882
-0.124339
-0.125627
-0.125629
-0.124242
-0.121387
-0.117004
-0.111056
-0.103529
-0.094434
-0.0838062
-0.0717042
-0.05821
-0.043428
-0.0274836
-0.0105216
0.00729566
0.0257908
0.0447733
0.0640428
0.0833911
0.102606
0.121472
0.139779
0.157315
0.173882
0.189287
0.203351
0.215912
0.226822
0.235955
0.243204
0.248485
0.251738
0.252926
0.252037
0.249082
0.244098
0.237143
0.228301
0.217672
0.20538
0.191565
0.176381
0.159997
0.142593
0.124357
0.105482
0.0861651
0.0666033
0.0469917
0.0275209
0.00837412
-0.0102744
-0.028262
-0.0454389
-0.0616703
-0.0768374
-0.0908388
-0.103591
-0.115029
-0.125106
-0.133794
-0.141085
-0.146987
-0.151524
-0.154737
-0.156682
-0.157425
-0.157047
-0.155635
-0.153285
-0.1501
-0.146184
-0.141644
-0.136587
-0.131119
-0.125339
-0.119345
-0.113226
-0.107063
-0.100928
-0.0948849
-0.0889858
-0.0832724
-0.0777756
-0.0725153
-0.0675011
-0.0627323
-0.0581991
-0.053883
-0.0497583
-0.0457927
-0.041949
-0.0381865
-0.0344618
-0.0307309
-0.0269503
-0.0230784
-0.0190768
-0.0149118
-0.010555
-0.00598478
-0.00118704
0.00384436
0.00910692
0.0145892
0.020271
0.0261228
0.0321071
0.0381779
0.0442821
0.0503599
0.0563461
0.0621712
0.0677625
0.0730458
0.0779465
0.0823913
0.0863093
0.0896341
0.0923046
0.0942669
0.0954749
0.0958922
0.0954923
0.0942602
0.0921922
0.0892971
0.0855961
0.0811226
0.0759224
0.070053
0.0635832
0.056592
0.0491677
0.0414067
0.0334121
0.0252923
0.0171589
0.00912578
0.00130668
-0.00618638
-0.0132449
-0.0197657
-0.0256526
-0.0308181
-0.035185
-0.0386875
-0.0412726
-0.042901
-0.043548
-0.0432041
-0.0418752
-0.0395829
-0.0363642
-0.032271
-0.0273699
-0.021741
-0.0154767
-0.00868074
-0.00146653
0.00604449
0.0137246
0.0214418
0.0290616
0.0364493
0.0434717
0.0499997
0.0559098
0.0610862
0.0654226
0.068824
0.0712082
0.072507
0.0726675
0.0716527
0.0694429
0.0660352
0.0614443
0.0557022
0.0488577
0.0409763
0.0321386
0.0224398
0.0119882
0.000903743
-0.0106837
-0.0226362
-0.0348094
-0.0470548
-0.0592219
-0.0711601
-0.0827207
-0.0937592
-0.104137
-0.113724
-0.1224
-0.130054
-0.136591
-0.141927
-0.145996
-0.148745
-0.150139
-0.150159
-0.148804
-0.146088
-0.142042
-0.136713
-0.130163
-0.122466
-0.11371
-0.103994
-0.0934263
-0.0821234
-0.070208
-0.0578074
-0.0450516
-0.0320716
-0.0189978
-0.00595798
0.00692412
0.0195303
0.0317493
0.0434782
0.0546231
0.0651004
0.0748374
0.0837727
0.0918568
0.0990518
0.105332
0.110682
0.1151
0.118593
0.121178
0.122882
0.123738
0.123788
0.123079
0.121664
0.119599
0.116941
0.11375
0.110085
0.106006
0.10157
0.0968315
0.0918412
0.0866465
0.0812903
0.0758106
0.0702406
0.0646081
0.0589364
0.0532437
0.047544
0.0418473
0.0361599
0.0304855
0.0248256
0.0191803
0.0135487
0.00793025
0.00232509
-0.0032652
-0.0088369
-0.0143836
-0.0198956
-0.0253598
-0.0307591
-0.0360723
-0.0412744
-0.0463361
-0.0512248
-0.0559041
-0.0603351
-0.0644766
-0.0682856
-0.0717187
-0.0747327
-0.0772852
-0.0793364
-0.0808494
-0.0817914
-0.0821351
-0.081859
-0.0809488
-0.079398
-0.0772084
-0.0743909
-0.0709659
-0.0669632
-0.0624227
-0.0573934
-0.0519339
-0.0461113
-0.040001
-0.0336854
-0.0272532
-0.0207978
-0.0144163
-0.00820778
-0.00227187
0.00329309
0.00839165
0.0129331
0.016833
0.0200153
0.0224135
0.0239725
0.0246499
0.0244173
0.0232611
0.0211837
0.0182039
0.0143572
0.00969605
0.00428949
-0.00177731
-0.0084038
-0.0154752
-0.0228636
-0.0304299
-0.0380256
-0.0454947
-0.052676
-0.0594057
-0.0655199
-0.0708575
-0.0752623
-0.0785864
-0.0806928
-0.0814575
-0.0807728
-0.078549
-0.0747171
-0.06923
-0.0620649
-0.0532241
-0.0427361
-0.0306562
-0.0170665
-0.00207608
0.0141799
0.0315412
0.0498239
0.0688223
0.0883112
0.108048
0.127777
0.147231
0.166134
0.18421
0.20118
0.216769
0.230712
0.242755
0.25266
0.26021
0.265209
0.26749
0.266915
0.263379
0.256812
0.247181
0.234491
0.218787
0.200153
0.178713
0.154631
0.128108
0.0993814
0.0687215
0.0364308
0.00283889
-0.0317002
-0.0668127
-0.102109
-0.13719
-0.171648
-0.205077
-0.237076
-0.267251
-0.295224
-0.32064
-0.343164
-0.362493
-0.378359
-0.390529
-0.398813
-0.403064
-0.403182
-0.399115
-0.390862
-0.378469
-0.362035
-0.341707
-0.31768
-0.290195
-0.259534
-0.226024
-0.190023
-0.151924
-0.112146
-0.0711305
-0.0293357
0.0127694
0.0547104
0.0960135
0.136212
0.174851
0.211495
0.24573
0.277175
0.305478
0.330328
0.351457
0.368639
0.3817
0.390513
0.395006
0.395158
0.391001
0.382618
0.370145
0.353765
0.33371
0.310253
0.283706
0.254419
0.222771
0.189166
0.154029
0.117799
0.0809244
0.0438568
0.00704425
-0.0290738
-0.0640719
-0.0975445
-0.129111
-0.158419
-0.185151
-0.209028
-0.229808
-0.247297
-0.261343
-0.271842
-0.278738
-0.282022
-0.281732
-0.277953
-0.270813
-0.260482
-0.24717
-0.23112
-0.212609
-0.19194
-0.16944
-0.145451
-0.120331
-0.0944439
-0.0681567
-0.0418338
-0.0158319
0.00950447
0.0338481
0.0568929
0.0783579
0.0979909
0.115571
0.130913
0.143866
0.154317
0.162192
0.167456
0.170113
0.170202
0.167801
0.163021
0.156006
0.146927
0.135984
0.123398
0.109407
0.0942662
0.0782407
0.0616014
0.0446213
0.0275715
0.0107164
-0.00568939
-0.0214057
-0.0362093
-0.0498979
-0.0622921
-0.0732381
-0.0826096
-0.090309
-0.0962686
-0.100451
-0.102848
-0.103483
-0.102406
-0.0996958
-0.0954553
-0.0898113
-0.082911
-0.0749193
-0.0660157
-0.0563911
-0.0462441
-0.0357778
-0.0251958
-0.0146995
-0.00448357
0.00526624
0.0143769
0.0226906
0.0300673
0.0363873
0.0415524
0.045488
0.0481439
0.0494947
0.0495407
0.0483066
0.0458419
0.042219
0.0375324
0.0318964
0.025443
0.01832
0.0106873
0.00271495
-0.00542045
-0.0135388
-0.0214596
-0.0290054
-0.0360049
-0.0422958
-0.0477279
-0.052166
-0.0554918
-0.0576066
-0.0584329
-0.057916
-0.0560249
-0.0527531
-0.0481191
-0.0421661
-0.0349613
-0.0265953
-0.0171807
-0.00685011
0.00424549
0.0159394
0.0280516
0.0403917
0.0527623
0.0649614
0.0767865
0.0880374
0.0985196
0.108048
0.116448
0.123562
0.129249
0.133387
0.135879
0.136649
0.135649
0.132855
0.128272
0.121931
0.11389
0.104235
0.0930748
0.0805439
0.0667978
0.0520119
0.0363788
0.0201053
0.00340941
-0.0134828
-0.0303408
-0.0469328
-0.0630297
-0.0784083
-0.0928549
-0.106168
-0.118164
-0.128676
-0.137558
-0.144692
-0.14998
-0.153357
-0.154782
-0.154246
-0.15177
-0.147401
-0.14122
-0.133331
-0.123866
-0.112983
-0.10086
-0.0876949
-0.0737018
-0.0591081
-0.044151
-0.0290734
-0.0141204
0.000464626
0.0144437
0.0275882
0.0396826
0.0505278
0.0599447
0.0677769
0.0738934
0.0781914
0.0805974
0.0810696
0.0795981
0.0762058
0.0709485
0.0639142
0.0552222
0.0450216
0.0334895
0.0208283
0.00726299
-0.00696182
-0.0215858
-0.0363365
-0.0509337
-0.0650933
-0.0785318
-0.0909711
-0.102142
-0.111791
-0.119679
-0.125593
-0.129343
-0.130769
-0.129744
-0.126176
-0.120007
-0.111221
-0.0998396
-0.0859263
-0.0695834
-0.0509533
-0.0302166
-0.00759068
0.016673
0.0422915
0.0689538
0.0963246
0.124048
0.151754
0.179061
0.205581
0.230927
0.254716
0.276576
0.296151
0.313105
0.327127
0.337938
0.345293
0.348987
0.348854
0.344778
0.336686
0.324557
0.308421
0.288357
0.264496
0.23702
0.206159
0.17219
0.135433
0.0962474
0.0550314
0.0122136
-0.0317505
-0.0763835
-0.121192
-0.165674
-0.209322
-0.251632
-0.292109
-0.330273
-0.365665
-0.397854
-0.426442
-0.451066
-0.471411
-0.487204
-0.498228
-0.504316
-0.505358
-0.501306
-0.492166
-0.478007
-0.458957
-0.435201
-0.406981
-0.374589
-0.338372
-0.29872
-0.256065
-0.210873
-0.163645
-0.114904
-0.0651897
-0.0150564
0.0349385
0.0842393
0.132299
0.178586
0.222592
0.263836
0.301871
0.336292
0.366735
0.39289
0.414497
0.431352
0.443311
0.450289
0.452264
0.449273
0.441415
0.428846
0.411782
0.390489
0.365285
0.336535
0.304643
0.27005
0.233224
0.19466
0.154868
0.114369
0.0736852
0.0333381
-0.00616239
-0.0443231
-0.0806742
-0.114775
-0.14622
-0.174644
-0.199725
-0.221192
-0.238826
-0.252459
-0.261984
-0.267348
-0.268559
-0.26568
-0.25883
-0.248184
-0.233968
-0.216453
-0.195958
-0.172838
-0.147483
-0.120312
-0.0917657
-0.0623002
-0.032382
-0.00248028
0.0269397
0.0554227
0.0825303
0.107847
0.130985
0.151593
0.169355
0.184001
0.195308
0.2031
0.207257
0.207712
0.204451
0.197517
0.187006
0.173069
0.155904
0.135759
0.112927
0.0877372
0.0605575
0.0317842
0.00183767
-0.0288432
-0.0598079
-0.0906
-0.120765
-0.149854
-0.177434
-0.203092
-0.226439
-0.24712
-0.264814
-0.279244
-0.290175
-0.297423
-0.300854
-0.300387
-0.295997
-0.287711
-0.275612
-0.259838
-0.240574
-0.218059
-0.192574
-0.164443
-0.134028
-0.101722
-0.0679457
-0.0331404
0.00223761
0.0377235
0.0728506
0.107156
0.140189
0.171514
0.20072
0.227424
0.251278
0.271972
0.28924
0.30286
0.312664
0.318533
0.320402
0.318262
0.312158
0.302186
0.288497
0.271293
0.250821
0.227371
0.201276
0.172901
0.14264
0.110915
0.0781625
0.0448323
0.0113803
-0.0217383
-0.0540753
-0.0851953
-0.114682
-0.142144
-0.16722
-0.189584
-0.208949
-0.22507
-0.237751
-0.246843
-0.25225
-0.253925
-0.251875
-0.246158
-0.236886
-0.224216
-0.208354
-0.189548
-0.168088
-0.144297
-0.118531
-0.0911691
-0.0626132
-0.0332778
-0.00358636
0.0260352
0.0551646
0.0833891
0.110311
0.135554
0.158766
0.179629
0.197855
0.213201
0.22546
0.234474
0.240129
0.242361
0.241152
0.236535
0.228588
0.217437
0.20325
0.186239
0.166651
0.144769
0.120904
0.0953958
0.0686002
0.0408902
0.0126479
-0.0157405
-0.0438902
-0.0714234
-0.0979744
-0.123195
-0.146758
-0.168364
-0.187744
-0.204662
-0.218918
-0.230355
-0.238853
-0.244336
-0.246773
-0.246173
-0.242589
-0.236115
-0.226882
-0.215061
-0.200855
-0.184497
-0.166248
-0.146392
-0.125229
-0.103073
-0.0802493
-0.0570836
-0.0339024
-0.0110262
0.011235
0.0325862
0.0527511
0.0714763
0.0885349
0.103729
0.116892
0.127892
0.136632
0.14305
0.147123
0.148861
0.148314
0.145561
0.140719
0.133931
0.12537
0.115232
0.103736
0.0911175
0.0776248
0.0635167
0.0490567
0.0345096
0.0201371
0.00619355
-0.00707781
-0.0194485
-0.0307084
-0.0406687
-0.0491649
-0.0560586
-0.0612403
-0.0646299
-0.0661784
-0.0658679
-0.0637119
-0.0597545
-0.0540697
-0.0467599
-0.037954
-0.0278049
-0.0164876
-0.00419539
0.00886265
0.0224654
0.0363831
0.0503811
0.0642235
0.0776769
0.0905138
0.102517
0.11348
0.123216
0.131552
0.138342
0.143459
0.146802
0.148298
0.1479
0.14559
0.141377
0.135299
0.12742
0.11783
0.106644
0.0939978
0.0800483
0.06497
0.048952
0.0321952
0.0149097
-0.00268902
-0.0203832
-0.0379556
-0.0551932
-0.07189
-0.08785
-0.10289
-0.116842
-0.129555
-0.140899
-0.150762
-0.159058
-0.165721
-0.170711
-0.174011
-0.175626
-0.175587
-0.173946
-0.170776
-0.166167
-0.160231
-0.153092
-0.144888
-0.135769
-0.125891
-0.115418
-0.104514
-0.0933448
-0.0820738
-0.0708585
-0.0598494
-0.0491869
-0.0389995
-0.029402
-0.0204942
-0.0123588
-0.00506124
0.00135155
0.00685129
0.0114285
0.0150922
0.0178695
0.0198045
0.0209575
0.0214034
0.0212301
0.0205369
0.019432
0.0180314
0.0164554
0.0148274
0.0132711
0.0119084
0.0108568
0.0102277
0.0101243
0.0106393
0.0118537
0.0138349
0.0166358
0.0202933
0.0248278
0.0302428
0.0365243
0.0436411
0.0515449
0.0601712
0.0694395
0.0792553
0.0895103
0.100085
0.110848
0.121663
0.132384
0.142861
0.152944
0.162481
0.171321
0.179319
0.186334
0.192235
0.196899
0.200214
0.202084
0.202424
0.201166
0.198257
0.193662
0.187365
0.179365
0.169681
0.158349
0.145424
0.130974
0.115089
0.0978686
0.07943
0.0599021
0.0394257
0.0181515
-0.00376105
-0.0261455
-0.04883
-0.0716391
-0.0943952
-0.11692
-0.139038
-0.160573
-0.181356
-0.201224
-0.220018
-0.237589
-0.253797
-0.268513
-0.281618
-0.293006
-0.302581
-0.310265
-0.315988
-0.319698
-0.321356
-0.320936
-0.318427
-0.313833
-0.307171
-0.298474
-0.287784
-0.275162
-0.260679
-0.244417
-0.226473
-0.206953
-0.185976
-0.16367
-0.140172
-0.11563
-0.0901964
-0.0640345
-0.0373122
-0.0102031
0.0171145
0.0444588
0.0716457
0.0984895
0.124805
0.150406
0.175112
0.198743
0.221126
0.242092
0.261482
0.279146
0.294941
0.308741
0.320429
0.329904
0.33708
0.34189
0.344282
0.344223
0.341702
0.336725
0.329321
0.319538
0.307447
0.293138
0.276723
0.258331
0.238114
0.21624
0.192893
0.168273
0.142595
0.116083
0.0889731
0.0615062
0.0339296
0.00649241
-0.0205566
-0.0469719
-0.0725135
-0.0969503
-0.120062
-0.141643
-0.161503
-0.179472
-0.195398
-0.209155
-0.220641
-0.229777
-0.236516
-0.240834
-0.242739
-0.242265
-0.239475
-0.23446
-0.227337
-0.218247
-0.207355
-0.194847
-0.180928
-0.16582
-0.149755
-0.132977
-0.115736
-0.0982865
-0.0808801
-0.0637659
-0.0471848
-0.0313666
-0.0165269
-0.00286332
0.0094471
0.0202506
0.0294192
0.0368527
0.04248
0.0462609
0.0481862
0.0482787
0.0465922
0.0432115
0.038251
0.031853
0.0241858
0.0154411
0.00583132
-0.00441399
-0.0150514
-0.0258276
-0.0364833
-0.0467574
-0.0563915
-0.0651337
-0.0727436
-0.0789956
-0.0836835
-0.0866239
-0.0876598
-0.0866637
-0.0835402
-0.0782281
-0.0707027
-0.0609762
-0.0490989
-0.0351591
-0.0192825
-0.00163126
0.0175978
0.0381755
0.059843
0.0823153
0.105285
0.128425
0.151397
0.173852
0.195436
0.215801
0.2346
0.251502
0.266191
0.278376
0.28779
0.294201
0.297409
0.297259
0.293633
0.286463
0.275725
0.261447
0.243704
0.222622
0.198374
0.171181
0.141309
0.109066
0.0747989
0.0388889
0.00174677
-0.036192
-0.0744729
-0.112628
-0.150183
-0.186663
-0.221599
-0.254535
-0.285032
-0.312679
-0.337095
-0.357935
-0.374896
-0.387722
-0.396207
-0.400199
-0.399603
-0.394381
-0.384555
-0.370208
-0.35148
-0.328571
-0.301735
-0.271278
-0.237558
-0.200975
-0.161969
-0.121014
-0.0786117
-0.0352857
0.00842699
0.0519819
0.0948346
0.136448
0.176299
0.213888
0.248741
0.280421
0.30853
0.332718
0.352683
0.368181
0.379025
0.385088
0.386306
0.38268
0.374273
0.361209
0.343675
0.321916
0.29623
0.266967
0.234523
0.199332
0.161867
0.122623
0.0821205
0.0408918
-0.00052335
-0.0415863
-0.0817661
-0.120547
-0.157435
-0.191966
-0.223708
-0.252273
-0.277315
-0.29854
-0.315706
-0.328628
-0.33718
-0.341295
-0.340966
-0.336245
-0.327243
-0.314128
-0.297119
-0.276487
-0.252547
-0.225655
-0.196204
-0.164613
-0.131326
-0.0968054
-0.0615203
-0.0259455
0.00944817
0.0441996
0.0778636
0.110017
0.140266
0.168247
0.193635
0.216147
0.235544
0.251635
0.264279
0.273383
0.278906
0.28086
0.279302
0.27434
0.266125
0.254851
0.24075
0.224089
0.205161
0.184288
0.161808
0.138073
0.113446
0.0882873
0.0629588
0.0378118
0.0131843
-0.0106039
-0.033256
-0.0545019
-0.0741019
-0.0918496
-0.107574
-0.121142
-0.132458
-0.141466
-0.14815
-0.152528
-0.154659
-0.154634
-0.152575
-0.148637
-0.142995
-0.135851
-0.127421
-0.117937
-0.107637
-0.0967652
-0.0855665
-0.0742799
-0.063136
-0.0523528
-0.0421319
-0.0326547
-0.0240803
-0.0165422
-0.0101467
-0.0049715
-0.00106456
0.00155619
0.00290261
0.00301566
0.00196411
-0.000157207
-0.00322968
-0.00711355
-0.011651
-0.0166693
-0.0219849
-0.0274066
-0.0327401
-0.0377915
-0.0423715
-0.0462992
-0.0494057
-0.051538
-0.0525616
-0.0523636
-0.0508554
-0.0479745
-0.0436857
-0.0379829
-0.0308888
-0.0224555
-0.0127636
-0.0019212
0.00993756
0.0226548
0.0360512
0.0499291
0.0640757
0.0782666
0.0922696
0.105849
0.118769
0.130799
0.141715
0.15131
0.159388
0.165776
0.170325
0.17291
0.173437
0.171839
0.168085
0.162177
0.154149
0.144069
0.132038
0.118192
0.102692
0.0857311
0.0675251
0.0483128
0.0283512
0.00791189
-0.012723
-0.0332656
-0.0534261
-0.0729182
-0.0914626
-0.108793
-0.124657
-0.138827
-0.151094
-0.161282
-0.169241
-0.174857
-0.178051
-0.178778
-0.177034
-0.172851
-0.166297
-0.15748
-0.14654
-0.133653
-0.119023
-0.102882
-0.0854866
-0.0671135
-0.0480544
-0.0286127
-0.00909796
0.0101783
0.028908
0.0467912
0.0635407
0.0788869
0.0925819
0.104404
0.11416
0.12169
0.126869
0.12961
0.129864
0.127622
0.122915
0.115815
0.106431
0.0949117
0.0814385
0.0662267
0.0495205
0.03159
0.0127263
-0.00676213
-0.0265547
-0.0463235
-0.0657382
-0.0844715
-0.102204
-0.118629
-0.133459
-0.146427
-0.157293
-0.165848
-0.171917
-0.175361
-0.176081
-0.174018
-0.169155
-0.161517
-0.151172
-0.138229
-0.122837
-0.105183
-0.0854886
-0.0640094
-0.0410278
-0.0168511
0.0081932
0.0337627
0.0595046
0.0850611
0.110075
0.134193
0.157075
0.178394
0.197844
0.215145
0.230046
0.242325
0.251801
0.258327
0.2618
0.262156
0.259376
0.253483
0.244542
0.232661
0.217989
0.200709
0.181042
0.159241
0.135585
0.110379
0.0839456
0.0566243
0.0287632
0.000715966
-0.027164
-0.0545281
-0.0810377
-0.106369
-0.130216
-0.152298
-0.172359
-0.190175
-0.205554
-0.218339
-0.228411
-0.235689
-0.240133
-0.241738
-0.240541
-0.236616
-0.230072
-0.221053
-0.209733
-0.196315
-0.181026
-0.164116
-0.145849
-0.126505
-0.106371
-0.0857384
-0.0648991
-0.0441399
-0.0237395
-0.00396399
0.0149368
0.0327326
0.0492156
0.0642035
0.0775412
0.0891028
0.0987929
0.106547
0.112333
0.116148
0.118022
0.118012
0.116204
0.112709
0.107663
0.101219
0.0935512
0.0848454
0.0752997
0.0651194
0.0545135
0.0436916
0.0328601
0.0222191
0.0119591
0.00225796
-0.00672159
-0.0148344
-0.021955
-0.027979
-0.0328249
-0.0364344
-0.0387733
-0.0398312
-0.0396213
-0.0381798
-0.0355647
-0.0318541
-0.0271446
-0.0215495
-0.0151959
-0.00822269
-0.000777566
0.00698552
0.0149093
0.0228362
0.0306106
0.0380822
0.0451083
0.0515561
0.0573051
0.0622488
0.0662967
0.0693752
0.0714292
0.0724223
0.0723373
0.0711766
0.068961
0.0657301
0.0615404
0.0564647
0.0505901
0.0440166
0.0368548
0.029224
0.02125
0.0130624
0.0047927
-0.00342857
-0.0114738
-0.0192206
-0.0265542
-0.0333692
-0.039571
-0.0450781
-0.0498228
-0.0537523
-0.0568296
-0.059034
-0.0603608
-0.0608217
-0.0604438
-0.0592692
-0.057354
-0.0547669
-0.0515876
-0.0479054
-0.0438172
-0.0394255
-0.0348366
-0.0301579
-0.0254967
-0.0209571
-0.0166387
-0.0126344
-0.00902865
-0.00589568
-0.00329833
-0.00128669
0.000102797
0.000848066
0.000941801
0.00039159
-0.000780229
-0.002537
-0.00482847
-0.00759173
-0.0107524
-0.0142263
-0.0179205
-0.0217358
-0.0255682
-0.0293111
-0.0328574
-0.0361015
-0.0389413
-0.0412806
-0.0430309
-0.0441129
-0.0444587
-0.0440128
-0.0427339
-0.0405952
-0.037586
-0.0337115
-0.0289932
-0.0234693
-0.0171934
-0.0102346
-0.00267624
0.00538528
0.0138419
0.0225757
0.0314606
0.0403643
0.049151
0.0576828
0.0658227
0.0734366
0.0803955
0.0865782
0.0918728
0.0961791
0.0994105
0.101495
0.102377
0.10202
0.100404
0.0975273
0.0934101
0.0880899
0.0816233
0.0740851
0.0655671
0.056177
0.0460369
0.0352811
0.024055
0.012512
0.000811842
-0.0108823
-0.0224058
-0.0335957
-0.0442925
-0.0543434
-0.0636042
-0.0719417
-0.0792358
-0.0853812
-0.0902896
-0.0938905
-0.0961327
-0.096985
-0.0964368
-0.0944984
-0.0912007
-0.0865949
-0.0807515
-0.0737598
-0.0657259
-0.0567716
-0.0470324
-0.0366554
-0.0257968
-0.0146204
-0.00329392
0.00801249
0.0191295
0.0298908
0.0401358
0.049712
0.0584773
0.0663018
0.0730702
0.0786834
0.0830595
0.0861354
0.0878677
0.0882329
0.0872278
0.0848697
0.0811958
0.0762624
0.0701441
0.0629327
0.0547353
0.045673
0.0358788
0.0254954
0.0146731
0.00356746
-0.00766301
-0.0188594
-0.0298647
-0.0405261
-0.0506974
-0.0602408
-0.0690293
-0.0769482
-0.0838965
-0.0897888
-0.0945558
-0.0981453
-0.100523
-0.101672
-0.101593
-0.100307
-0.0978474
-0.0942673
-0.0896332
-0.0840259
-0.0775382
-0.0702734
-0.0623435
-0.0538673
-0.0449686
-0.0357738
-0.0264098
-0.0170026
-0.00767454
0.00145681
0.010281
0.0186959
0.0266095
0.0339405
0.04062
0.0465921
0.0518141
0.0562571
0.0599062
0.0627598
0.0648299
0.0661408
0.0667285
0.06664
0.0659313
0.0646668
0.0629176
0.0607595
0.058272
0.0555362
0.0526333
0.0496431
0.0466419
0.0437016
0.0408879
0.0382594
0.0358661
0.0337488
0.0319383
0.030455
0.0293081
0.0284963
0.0280072
0.0278181
0.0278966
0.028201
0.0286813
0.0292808
0.0299366
0.0305817
0.0311458
0.0315573
0.0317447
0.0316383
0.0311714
0.0302824
0.0289157
0.0270235
0.0245667
0.0215162
0.0178535
0.0135718
0.00867621
0.00318434
-0.00287391
-0.00945626
-0.0165085
-0.0239651
-0.0317499
-0.0397771
-0.0479524
-0.0561746
-0.0643366
-0.0723274
-0.0800336
-0.0873412
-0.0941375
-0.100312
-0.105761
-0.110385
-0.114094
-0.116808
-0.118457
-0.118984
-0.118346
-0.116515
-0.113476
-0.109232
-0.103801
-0.0972164
-0.0895277
-0.0807999
-0.0711123
-0.0605578
-0.0492418
-0.037281
-0.0248019
-0.0119389
0.00116719
0.0143709
0.0275243
0.0404788
0.0530872
0.0652054
0.0766948
0.0874237
0.0972693
0.106119
0.113873
0.120443
0.125756
0.129755
0.132399
0.133661
0.133534
0.132026
0.129161
0.12498
0.11954
0.112912
0.105181
0.0964432
0.086808
0.0763931
0.0653245
0.0537343
0.0417597
0.0295405
0.0172174
0.00493079
-0.00718173
-0.0189865
-0.0303555
-0.041168
-0.0513117
-0.0606841
-0.0691933
-0.0767594
-0.0833146
-0.0888044
-0.0931874
-0.0964358
-0.0985354
-0.0994854
-0.0992981
-0.0979982
-0.0956227
-0.0922196
-0.0878474
-0.0825737
-0.0764749
-0.0696343
-0.0621415
-0.0540907
-0.0455801
-0.0367103
-0.0275831
-0.0183006
-0.00896405
0.000327462
0.00947761
0.0183939
0.0269884
0.0351786
0.0428878
0.0500458
0.0565891
0.0624616
0.0676146
0.0720069
0.075605
0.0783831
0.0803229
0.0814136
0.0816519
0.0810412
0.079592
0.0773213
0.0742522
0.0704139
0.0658412
0.060574
0.0546572
0.0481404
0.0410774
0.0335261
0.0255479
0.0172078
0.0085734
-0.000284548
-0.0092931
-0.0183772
-0.0274601
-0.0364637
-0.045309
-0.0539163
-0.062206
-0.0700989
-0.0775166
-0.0843823
-0.0906214
-0.0961619
-0.100935
-0.104877
-0.107928
-0.110033
-0.111146
-0.111226
-0.11024
-0.108164
-0.104982
-0.100691
-0.0952952
-0.0888109
-0.0812659
-0.0726994
-0.0631624
-0.052718
-0.0414406
-0.0294166
-0.0167432
-0.00352844
0.0101099
0.0240449
0.0381418
0.0522589
0.066249
0.0799609
0.0932411
0.105935
0.11789
0.128955
0.138985
0.147841
0.155393
0.161521
0.166118
0.169091
0.170362
0.169871
0.167577
0.163458
0.157512
0.149759
0.140241
0.129022
0.116185
0.101838
0.086108
0.069141
0.0511021
0.0321729
0.0125499
-0.00755724
-0.0279287
-0.0483363
-0.0685467
-0.0883235
-0.107431
-0.125637
-0.142714
-0.158446
-0.172628
-0.185069
-0.195598
-0.204062
-0.210331
-0.214302
-0.215894
-0.215057
-0.21177
-0.20604
-0.197904
-0.18743
-0.174716
-0.159888
-0.1431
-0.124531
-0.104385
-0.0828885
-0.060286
-0.0368387
-0.0128209
0.0114833
0.0357835
0.0597868
0.0832015
0.105741
0.127126
0.147092
0.165388
0.181783
0.196068
0.20806
0.217604
0.224572
0.22887
0.230438
0.229247
0.225305
0.218655
0.209371
0.197564
0.183376
0.166978
0.148571
0.128381
0.106656
0.0836652
0.0596935
0.035038
0.0100046
-0.0150962
-0.0399528
-0.0642575
-0.0877098
-0.11002
-0.130915
-0.150138
-0.167456
-0.182659
-0.195568
-0.206029
-0.213924
-0.219166
-0.221702
-0.221514
-0.21862
-0.213071
-0.204951
-0.194377
-0.181498
-0.166487
-0.149547
-0.130903
-0.110798
-0.0894931
-0.0672624
-0.0443887
-0.0211602
0.00213296
0.0252031
0.0477685
0.069557
0.0903094
0.109783
0.127754
0.144021
0.158407
0.170761
0.18096
0.18891
0.194546
0.197836
0.198775
0.19739
0.193734
0.187892
0.179971
0.170103
0.158443
0.145164
0.130456
0.114522
0.0975765
0.0798414
0.0615426
0.0429074
0.0241611
0.00552453
-0.0127894
-0.030578
-0.0476511
-0.0638336
-0.078967
-0.0929116
-0.105547
-0.116773
-0.126512
-0.134707
-0.141322
-0.146343
-0.149778
-0.151651
-0.152006
-0.150907
-0.148427
-0.144658
-0.1397
-0.133665
-0.126669
-0.118836
-0.110292
-0.101163
-0.0915737
-0.0816475
-0.0715012
-0.0612458
-0.0509842
-0.0408104
-0.0308084
-0.0210515
-0.0116016
-0.0025096
0.00618528
0.0144548
0.0222814
0.0296574
0.0365843
0.0430716
0.0491356
0.0547982
0.0600856
0.0650267
0.0696518
0.0739912
0.0780736
0.0819251
0.0855679
0.0890189
0.0922895
0.0953841
0.0983001
0.101027
0.103547
0.105834
0.107855
0.109571
0.110934
0.111894
0.112394
0.112377
0.111782
0.110547
0.108615
0.105928
0.102435
0.0980907
0.0928566
0.0867041
0.079615
0.0715826
0.0626132
0.0527265
0.0419566
0.0303522
0.0179769
0.00490896
-0.00875901
-0.0229205
-0.0374563
-0.0522353
-0.067116
-0.0819483
-0.0965748
-0.110833
-0.124559
-0.137586
-0.149749
-0.16089
-0.170855
-0.179498
-0.186686
-0.192299
-0.196232
-0.198396
-0.198724
-0.197167
-0.193697
-0.188311
-0.181027
-0.171886
-0.160955
-0.14832
-0.134092
-0.118402
-0.101401
-0.0832582
-0.0641581
-0.0443001
-0.0238946
-0.0031612
0.0176745
0.0383833
0.0587361
0.0785059
0.0974715
0.11542
0.132151
0.147475
0.161222
0.17324
0.183398
0.191585
0.197717
0.201734
0.203602
0.203313
0.200887
0.196366
0.189823
0.181351
0.171068
0.159113
0.145646
0.130841
0.114891
0.0979989
0.0803768
0.0622445
0.0438252
0.0253426
0.00701835
-0.0109312
-0.0282977
-0.0448835
-0.0605039
-0.07499
-0.0881901
-0.099972
-0.110224
-0.118856
-0.125802
-0.131018
-0.134483
-0.1362
-0.136195
-0.134516
-0.13123
-0.126427
-0.12021
-0.112703
-0.104039
-0.0943663
-0.0838408
-0.0726254
-0.0608874
-0.0487961
-0.0365201
-0.0242252
-0.0120717
-0.000212721
0.011208
0.022058
0.0322172
0.0415798
0.0500549
0.0575675
0.0640591
0.0694875
0.0738273
0.0770695
0.0792205
0.080302
0.0803496
0.0794114
0.0775471
0.0748263
0.0713268
0.0671328
0.0623336
0.0570211
0.051289
0.04523
0.0389353
0.0324921
0.0259829
0.019484
0.0130644
0.0067851
0.000698402
-0.00515259
-0.0107341
-0.0160219
-0.0210007
-0.0256641
-0.0300139
-0.0340592
-0.0378156
-0.041304
-0.0445496
-0.0475805
-0.0504263
-0.0531171
-0.0556817
-0.0581467
-0.0605351
-0.062865
-0.0651489
-0.0673926
-0.0695945
-0.0717451
-0.0738268
-0.0758135
-0.0776707
-0.0793563
-0.0808205
-0.0820068
-0.082853
-0.0832923
-0.0832545
-0.0826677
-0.0814594
-0.0795587
-0.0768976
-0.0734132
-0.0690489
-0.0637567
-0.0574986
-0.0502481
-0.0419917
-0.0327303
-0.02248
-0.0112731
0.000841357
0.0137971
0.0275109
0.0418824
0.056795
0.0721167
0.0877007
0.103388
0.119007
0.134377
0.149312
0.16362
0.177104
0.189573
0.200833
0.210702
0.219001
0.225568
0.230251
0.232918
0.233455
0.23177
0.227795
0.221487
0.21283
0.201836
0.188546
0.17303
0.155386
0.135741
0.11425
0.0910946
0.0664796
0.0406335
0.0138049
-0.0137404
-0.041722
-0.0698483
-0.09782
-0.125334
-0.152086
-0.177777
-0.202114
-0.224816
-0.245616
-0.264267
-0.280543
-0.294243
-0.305193
-0.313253
-0.318311
-0.320293
-0.319157
-0.3149
-0.307556
-0.297193
-0.283918
-0.26787
-0.249222
-0.228181
-0.20498
-0.179877
-0.153157
-0.12512
-0.0960834
-0.0663762
-0.0363341
-0.00629617
0.0234001
0.0524228
0.0804498
0.107173
0.132303
0.15557
0.176733
0.195575
0.211912
0.225593
0.236502
0.244559
0.249721
0.251983
0.251377
0.247971
0.24187
0.23321
0.222163
0.208926
0.193724
0.176806
0.158437
0.138901
0.118492
0.09751
0.0762603
0.0550455
0.0341629
0.0139003
-0.00546825
-0.0236862
-0.0405179
-0.0557517
-0.069203
-0.0807165
-0.0901683
-0.0974673
-0.102556
-0.105413
-0.106049
-0.10451
-0.100876
-0.0952572
-0.0877943
-0.0786558
-0.0680347
-0.0561459
-0.043223
-0.0295143
-0.015279
-0.000783596
0.0137024
0.0279107
0.0415778
0.0544497
0.0662851
0.0768592
0.0859672
0.0934274
0.0990839
0.102809
0.104504
0.104104
0.101575
0.0969158
0.0901602
0.0813736
0.0706535
0.0581283
0.0439548
0.0283168
0.0114218
-0.00650173
-0.0252074
-0.0444347
-0.0639126
-0.0833634
-0.102507
-0.121064
-0.138761
-0.155334
-0.170532
-0.184119
-0.195883
-0.205631
-0.213199
-0.218449
-0.221276
-0.221604
-0.219392
-0.214632
-0.207352
-0.197609
-0.185497
-0.171141
-0.154695
-0.136341
-0.116287
-0.0947636
-0.0720208
-0.0483249
-0.0239547
0.000802158
0.0256532
0.0503048
0.0744664
0.0978545
0.120196
0.141232
0.160721
0.178444
0.194204
0.20783
0.21918
0.228144
0.23464
0.238619
0.240068
0.239002
0.235472
0.229558
0.221369
0.211046
0.198751
0.184674
0.169021
0.152019
0.133907
0.114936
0.0953638
0.0754499
0.055455
0.0356351
0.0162384
-0.00249794
-0.0203514
-0.037117
-0.0526099
-0.0666681
-0.0791545
-0.0899586
-0.0989974
-0.106217
-0.111593
-0.115129
-0.116859
-0.116844
-0.115172
-0.111955
-0.107329
-0.101451
-0.0944935
-0.0866466
-0.0781105
-0.0690942
-0.0598112
-0.0504766
-0.041303
-0.0324971
-0.0242564
-0.0167657
-0.0101941
-0.00469182
-0.000388174
0.00261128
0.00422636
0.00440388
0.00311876
0.00037467
-0.0037957
-0.0093309
-0.0161414
-0.0241106
-0.0330966
-0.042934
-0.0534366
-0.0643994
-0.0756026
-0.0868142
-0.0977939
-0.108297
-0.118078
-0.126893
-0.134509
-0.140701
-0.14526
-0.147995
-0.148739
-0.147347
-0.143706
-0.137732
-0.129372
-0.118611
-0.105468
-0.089998
-0.0722934
-0.052483
-0.0307308
-0.00723507
0.0177735
0.0440346
0.0712607
0.0991405
0.127343
0.15552
0.183313
0.210356
0.23628
0.260719
0.283315
0.303721
0.321609
0.336673
0.348633
0.35724
0.36228
0.363578
0.361001
0.354459
0.343909
0.329357
0.310856
0.288509
0.262469
0.232936
0.200157
0.164421
0.126063
0.0854516
0.0429922
-0.000880652
-0.0457074
-0.0910085
-0.13629
-0.181051
-0.224784
-0.266991
-0.307178
-0.34487
-0.379613
-0.41098
-0.438578
-0.462051
-0.481085
-0.495416
-0.504827
-0.509158
-0.508304
-0.502218
-0.490912
-0.474458
-0.452989
-0.426694
-0.395818
-0.360663
-0.32158
-0.278967
-0.233264
-0.18495
-0.134537
-0.0825602
-0.0295783
0.0238383
0.0771114
0.129663
0.180921
0.230328
0.277346
0.321463
0.3622
0.399116
0.431815
0.459945
0.483212
0.501375
0.51425
0.521718
0.523718
0.520254
0.511394
0.497264
0.478053
0.454007
0.425425
0.392658
0.356103
0.316198
0.273418
0.228265
0.181269
0.132973
0.0839332
0.034709
-0.0141435
-0.0620776
-0.108563
-0.153093
-0.195186
-0.2344
-0.270327
-0.302606
-0.330924
-0.355016
-0.374675
-0.389747
-0.400136
-0.405806
-0.406774
-0.403118
-0.394968
-0.382509
-0.365973
-0.345641
-0.321832
-0.294907
-0.265256
-0.233298
-0.19947
-0.164228
-0.128035
-0.0913575
-0.0546603
-0.0183986
0.0169868
0.0510748
0.0834692
0.113804
0.141745
0.166999
0.189311
0.20847
0.224311
0.236715
0.24561
0.250972
0.252824
0.251235
0.246316
0.23822
0.22714
0.213303
0.196967
0.178418
0.157965
0.135934
0.112666
0.088508
0.0638132
0.038932
0.0142088
-0.0100226
-0.0334433
-0.0557537
-0.0766771
-0.0959624
-0.113388
-0.128763
-0.14193
-0.152766
-0.161184
-0.167131
-0.170592
-0.171586
-0.170164
-0.166411
-0.160442
-0.152397
-0.142445
-0.130773
-0.117588
-0.103112
-0.0875778
-0.0712264
-0.0543023
-0.0370504
-0.0197122
-0.00252263
0.0142934
0.0305237
0.0459719
0.0604595
0.073828
0.0859407
0.0966835
0.105967
0.113724
0.119916
0.124523
0.127554
0.129037
0.129023
0.12758
0.124798
0.120778
0.115639
0.109506
0.102516
0.0948112
0.0865358
0.0778359
0.0688557
0.0597351
0.0506082
0.0416007
0.0328285
0.024396
0.0163948
0.00890312
0.00198442
-0.00431246
-0.00995364
-0.0149201
-0.019207
-0.0228234
-0.0257909
-0.028143
-0.0299234
-0.0311846
-0.0319866
-0.0323948
-0.0324787
-0.0323099
-0.0319605
-0.0315014
-0.0310007
-0.0305222
-0.0301241
-0.0298581
-0.0297677
-0.0298884
-0.0302461
-0.0308575
-0.0317299
-0.0328607
-0.0342383
-0.0358425
-0.0376451
-0.0396105
-0.0416973
-0.0438591
-0.0460458
-0.0482048
-0.0502825
-0.0522257
-0.053983
-0.0555057
-0.0567497
-0.0576759
-0.0582516
-0.0584515
-0.0582578
-0.057661
-0.0566604
-0.0552637
-0.0534872
-0.0513553
-0.0488998
-0.0461597
-0.0431797
-0.0400093
-0.0367017
-0.0333126
-0.0298985
-0.0265151
-0.0232166
-0.0200535
-0.0170713
-0.0143095
-0.0118001
-0.00956659
-0.00762317
-0.00597376
-0.00461174
-0.00351955
-0.00266873
-0.00202016
-0.00152449
-0.00112296
-0.000748354
-0.000326273
0.000223438
0.000985013
0.00204494
0.00348998
0.0054051
0.00787133
0.0109636
0.0147484
0.0192822
0.0246087
0.0307575
0.0377423
0.0455596
0.0541871
0.0635832
0.0736863
0.0844147
0.0956666
0.107321
0.119238
0.13126
0.143215
0.154917
0.166169
0.176766
0.186496
0.195147
0.202508
0.208371
0.212539
0.214826
0.215061
0.213094
0.208798
0.202071
0.192839
0.181062
0.166732
0.149876
0.130559
0.108883
0.0849852
0.0590433
0.0312693
0.0019098
-0.0287559
-0.060419
-0.0927443
-0.125374
-0.157932
-0.190028
-0.221265
-0.25124
-0.279553
-0.305813
-0.329642
-0.350681
-0.368596
-0.383084
-0.393877
-0.400746
-0.403509
-0.40203
-0.396226
-0.386066
-0.371578
-0.352843
-0.330002
-0.303251
-0.272842
-0.239079
-0.202318
-0.16296
-0.121447
-0.0782593
-0.0339067
0.0110758
0.0561358
0.100711
0.144235
0.186148
0.225901
0.262968
0.296848
0.327077
0.353233
0.374943
0.391888
0.403811
0.410517
0.41188
0.407845
0.39843
0.383727
0.363899
0.339183
0.309886
0.276379
0.239098
0.198534
0.15523
0.109772
0.0627836
0.0149147
-0.0331639
-0.0807715
-0.127226
-0.171855
-0.214003
-0.253042
-0.288381
-0.319473
-0.345824
-0.367003
-0.382645
-0.392457
-0.396225
-0.39382
-0.385192
-0.370383
-0.349518
-0.322809
-0.290553
-0.253127
-0.210985
-0.164649
-0.114711
-0.0618143
-0.00665518
0.0500324
0.107484
0.164915
0.221533
0.276544
0.329168
0.378649
0.424263
0.46533
0.501221
0.531372
0.555288
0.57255
0.582824
0.585865
0.581519
0.569727
0.550528
0.524057
0.490546
0.450316
0.403781
0.351438
0.293862
0.231698
0.165656
0.0964965
0.0250264
-0.0479149
-0.121465
-0.194752
-0.266899
-0.337046
-0.404352
-0.46801
-0.527255
-0.581377
-0.629729
-0.671733
-0.70689
-0.734784
-0.755088
-0.76757
-0.772091
-0.768611
-0.757184
-0.737964
-0.711193
-0.677205
-0.636419
-0.589331
-0.536507
-0.47858
-0.416235
-0.350202
-0.281249
-0.210168
-0.137765
-0.0648519
0.00776574
0.0792989
0.148984
0.216094
0.279946
0.339907
0.395407
0.445939
0.491068
0.530434
0.563757
0.590833
0.611544
0.62585
0.63379
0.635481
0.631114
0.620946
0.605299
0.584554
0.559138
0.529526
0.496225
0.45977
0.420715
0.379625
0.337064
0.293595
0.249762
0.206092
0.163081
0.121193
0.0808504
0.0424321
0.00626824
-0.0273624
-0.0582346
-0.0861778
-0.111077
-0.13287
-0.151549
-0.167156
-0.179782
-0.189559
-0.19666
-0.201292
-0.20369
-0.204113
-0.202837
-0.200149
-0.196341
-0.191704
-0.186522
-0.181066
-0.175591
-0.170329
-0.165485
-0.161236
-0.157724
-0.155059
-0.153313
-0.152521
-0.152683
-0.153761
-0.155684
-0.15835
-0.161625
-0.165351
-0.169349
-0.17342
-0.177354
-0.180932
-0.183934
-0.186139
-0.187338
-0.187329
-0.185931
-0.182982
-0.178348
-0.171922
-0.163628
-0.153427
-0.141314
-0.12732
-0.111517
-0.09401
-0.0749417
-0.0544886
-0.0328585
-0.0102879
0.0129622
0.0366101
0.0603579
0.0838972
0.106913
0.129092
0.150122
0.169707
0.187562
0.203427
0.217066
0.228274
0.236881
0.242756
0.245808
0.245988
0.243295
0.237769
0.229499
0.218617
0.205297
0.189755
0.172243
0.153048
0.132484
0.110892
0.088629
0.0660675
0.0435856
0.0215622
0.000370631
-0.0196281
-0.0380911
-0.0547001
-0.0691667
-0.0812378
-0.0907004
-0.0973855
-0.101172
-0.101988
-0.0998143
-0.0946853
-0.0866878
-0.0759613
-0.0626962
-0.0471312
-0.0295499
-0.0102769
0.0103271
0.0318709
0.0539391
0.0760982
0.0979041
0.118909
0.138668
0.15675
0.17274
0.186251
0.196926
0.204449
0.208551
0.20901
0.205661
0.198398
0.187175
0.172011
0.15299
0.130259
0.10403
0.0745743
0.0422235
0.00736253
-0.029574
-0.0681082
-0.107725
-0.147879
-0.188004
-0.227518
-0.265836
-0.302374
-0.336562
-0.367849
-0.395717
-0.419681
-0.439304
-0.454203
-0.464051
-0.468588
-0.467623
-0.461037
-0.448788
-0.430914
-0.407527
-0.378821
-0.345063
-0.306595
-0.263827
-0.217235
-0.16735
-0.114759
-0.0600885
-0.00400242
0.0528092
0.109639
0.165774
0.2205
0.27312
0.322956
0.369362
0.411734
0.449517
0.482214
0.509391
0.530686
0.545812
0.554564
0.55682
0.552542
0.541779
0.524667
0.501422
0.472346
0.437813
0.398274
0.354241
0.306287
0.255037
0.201155
0.145339
0.0883133
0.0308112
-0.0264285
-0.0826743
-0.137212
-0.189354
-0.238448
-0.283889
-0.325123
-0.361658
-0.393067
-0.418997
-0.439173
-0.453399
-0.46156
-0.463628
-0.459656
-0.44978
-0.434213
-0.413247
-0.387243
-0.356629
-0.321889
-0.28356
-0.242222
-0.198491
-0.153005
-0.106422
-0.0594042
-0.0126115
0.0333081
0.0777283
0.120053
0.159724
0.196231
0.229112
0.25797
0.282467
0.302334
0.317375
0.327464
0.332552
0.332662
0.327888
0.318397
0.30442
0.286252
0.264244
0.238798
0.210362
0.179419
0.146482
0.112086
0.0767791
0.0411129
0.0056359
-0.0291156
-0.0626251
-0.0944038
-0.123997
-0.150992
-0.175021
-0.19577
-0.212978
-0.226445
-0.236031
-0.241658
-0.243313
-0.241042
-0.234953
-0.225212
-0.212038
-0.195702
-0.17652
-0.154847
-0.131073
-0.105613
-0.0789058
-0.0514005
-0.0235533
0.00418099
0.031356
0.0575406
0.0823257
0.10533
0.126207
0.144646
0.160384
0.173201
0.182928
0.189447
0.192695
0.192661
0.189385
0.182963
0.173535
0.161291
0.146465
0.129326
0.11018
0.0893602
0.0672243
0.0441462
0.020511
-0.00329127
-0.0268722
-0.049851
-0.0718605
-0.0925527
-0.111605
-0.128722
-0.143646
-0.156154
-0.166064
-0.173239
-0.177584
-0.179052
-0.177642
-0.173399
-0.16641
-0.156808
-0.144764
-0.130487
-0.114217
-0.0962254
-0.0768072
-0.0562768
-0.0349628
-0.0132029
0.00866175
0.0302917
0.051355
0.0715318
0.0905195
0.108037
0.123831
0.137674
0.149375
0.158776
0.165759
0.170241
0.172181
0.171578
0.16847
0.16293
0.155072
0.145041
0.133014
0.119196
0.103816
0.0871256
0.0693894
0.0508859
0.0319005
0.0127209
-0.0063666
-0.0250824
-0.0431572
-0.0603364
-0.0763839
-0.0910851
-0.10425
-0.115716
-0.12535
-0.133048
-0.13874
-0.142386
-0.14398
-0.143545
-0.141137
-0.136839
-0.130762
-0.123039
-0.113826
-0.103299
-0.0916466
-0.0790702
-0.0657792
-0.0519872
-0.0379086
-0.0237552
-0.00973209
0.00396479
0.0171522
0.0296621
0.0413441
0.0520674
0.0617223
0.0702218
0.0775017
0.0835216
0.0882642
0.0917351
0.0939617
0.0949918
0.0948919
0.0937454
0.0916501
0.0887154
0.0850604
0.0808101
0.0760934
0.0710395
0.0657755
0.0604235
0.055098
0.0499034
0.0449322
0.0402627
0.0359579
0.0320639
0.0286096
0.0256055
0.0230448
0.0209026
0.0191375
0.0176924
0.0164961
0.0154649
0.0145051
0.0135149
0.0123873
0.0110128
0.00928199
0.00708853
0.00433215
0.000921259
-0.00322426
-0.00817059
-0.0139677
-0.0206473
-0.0282211
-0.0366797
-0.0459912
-0.0561012
-0.066932
-0.0783835
-0.0903338
-0.10264
-0.115141
-0.127658
-0.139997
-0.151953
-0.163313
-0.173858
-0.183365
-0.191616
-0.198397
-0.203504
-0.206745
-0.207945
-0.206952
-0.203634
-0.197888
-0.18964
-0.178849
-0.165504
-0.149634
-0.131299
-0.1106
-0.0876716
-0.0626844
-0.0358437
-0.00738725
0.022417
0.0532735
0.0848629
0.116845
0.148863
0.180549
0.211527
0.241419
0.269849
0.296449
0.320863
0.342754
0.361807
0.377732
0.390272
0.399206
0.40435
0.405562
0.402746
0.39585
0.38487
0.369851
0.350886
0.328115
0.301728
0.271955
0.239072
0.203393
0.165269
0.125082
0.0832417
0.0401809
-0.00365033
-0.0477898
-0.0917687
-0.135117
-0.177371
-0.218076
-0.256794
-0.293107
-0.326627
-0.356993
-0.383883
-0.407012
-0.42614
-0.441071
-0.451657
-0.457801
-0.459455
-0.456623
-0.449359
-0.437766
-0.421997
-0.402249
-0.378765
-0.351826
-0.321749
-0.288885
-0.253612
-0.216331
-0.177462
-0.137436
-0.0966932
-0.0556751
-0.0148203
0.0254408
0.0646913
0.102532
0.138586
0.172505
0.203967
0.232689
0.258419
0.280948
0.300106
0.315764
0.327836
0.33628
0.341093
0.342316
0.34003
0.334352
0.325436
0.313468
0.298666
0.281271
0.261551
0.23979
0.216288
0.191356
0.165312
0.138478
0.111175
0.0837159
0.0564093
0.0295495
0.0034164
-0.0217284
-0.0456438
-0.0681114
-0.0889378
-0.107955
-0.125024
-0.140032
-0.152894
-0.163555
-0.171987
-0.178189
-0.182186
-0.184027
-0.183784
-0.181551
-0.17744
-0.17158
-0.164114
-0.155198
-0.144996
-0.13368
-0.121426
-0.108413
-0.0948185
-0.0808182
-0.0665835
-0.0522792
-0.0380621
-0.0240796
-0.010468
0.00264794
0.0151565
0.0269591
0.0379712
0.0481218
0.0573541
0.065625
0.0729046
0.0791759
0.0844339
0.0886848
0.0919453
0.0942415
0.0956077
0.0960854
0.0957224
0.0945713
0.0926889
0.0901346
0.0869699
0.0832572
0.079059
0.0744373
0.0694524
0.0641632
0.0586257
0.0528934
0.0470167
0.0410426
0.0350147
0.0289734
0.0229552
0.0169938
0.0111194
0.00535935
-0.000261972
-0.00572256
-0.0110028
-0.0160851
-0.0209537
-0.0255946
-0.0299951
-0.0341437
-0.0380303
-0.0416456
-0.0449814
-0.0480305
-0.0507867
-0.0532448
-0.055401
-0.0572525
-0.0587978
-0.0600374
-0.0609731
-0.0616087
-0.0619499
-0.0620045
-0.0617825
-0.0612963
-0.0605603
-0.0595914
-0.0584085
-0.0570326
-0.0554865
-0.0537948
-0.0519833
-0.0500789
-0.0481089
-0.0461009
-0.0440824
-0.0420799
-0.0401185
-0.0382216
-0.0364102
-0.0347024
-0.0331128
-0.0316524
-0.0303278
-0.0291408
-0.0280885
-0.027163
-0.0263508
-0.0256334
-0.024987
-0.0243829
-0.0237875
-0.0231631
-0.0224678
-0.0216567
-0.0206825
-0.0194958
-0.0180466
-0.0162847
-0.0141612
-0.0116291
-0.00864462
-0.00516807
-0.00116508
0.00339248
0.0085255
0.0142467
0.02056
0.0274594
0.0349287
0.0429412
0.0514589
0.0604326
0.0698021
0.0794962
0.0894328
0.0995202
0.109657
0.119734
0.129634
0.139234
0.148407
0.157022
0.164947
0.17205
0.178202
0.183277
0.187156
0.189725
0.190884
0.19054
0.188616
0.185048
0.17979
0.172811
0.164101
0.153667
0.141537
0.12776
0.112405
0.095562
0.0773395
0.0578667
0.0372909
0.0157765
-0.00649635
-0.0293334
-0.0525283
-0.075865
-0.0991197
-0.122063
-0.144465
-0.166093
-0.18672
-0.206123
-0.224088
-0.240414
-0.254911
-0.267407
-0.27775
-0.285807
-0.29147
-0.294653
-0.2953
-0.293378
-0.288884
-0.281845
-0.272315
-0.260376
-0.246139
-0.22974
-0.211343
-0.191135
-0.169323
-0.146137
-0.121821
-0.0966363
-0.0708527
-0.0447499
-0.0186121
0.00727505
0.0326279
0.0571683
0.080627
0.102747
0.123287
0.142025
0.158758
0.173311
0.185531
0.195299
0.202521
0.207137
0.209121
0.208477
0.205244
0.199495
0.191333
0.180893
0.16834
0.153867
0.137691
0.120053
0.101214
0.0814504
0.0610535
0.0403227
0.0195639
-0.00091547
-0.02081
-0.0398204
-0.0576575
-0.0740458
-0.0887277
-0.101466
-0.11205
-0.120293
-0.12604
-0.12917
-0.129594
-0.127259
-0.12215
-0.114289
-0.103736
-0.0905871
-0.0749765
-0.0570728
-0.0370784
-0.0152271
0.00821842
0.0329697
0.0587157
0.0851265
0.111857
0.138552
0.164848
0.190381
0.214789
0.237717
0.258822
0.277775
0.294268
0.308019
0.318771
0.326301
0.330418
0.330972
0.327849
0.320979
0.310334
0.295929
0.277826
0.256129
0.230985
0.202585
0.171158
0.136974
0.100336
0.0615812
0.0210745
-0.0207941
-0.063614
-0.106958
-0.15039
-0.193464
-0.235735
-0.276761
-0.316109
-0.353361
-0.388115
-0.419995
-0.448652
-0.473769
-0.495062
-0.512291
-0.525254
-0.533794
-0.537802
-0.537214
-0.532017
-0.522244
-0.507979
-0.489352
-0.466538
-0.439758
-0.409273
-0.375383
-0.338423
-0.298758
-0.256782
-0.212909
-0.167571
-0.121214
-0.0742894
-0.0272514
0.019449
0.065369
0.11008
0.153169
0.19425
0.232961
0.268973
0.301989
0.331753
0.358047
0.380697
0.399572
0.414586
0.4257
0.432917
0.436288
0.435906
0.431903
0.424453
0.413765
0.40008
0.383671
0.364831
0.343879
0.321147
0.29698
0.271729
0.245746
0.219382
0.192978
0.166863
0.141352
0.116735
0.0932807
0.0712272
0.0507835
0.0321245
0.01539
0.000683063
-0.011931
-0.0224245
-0.0308078
-0.0371277
-0.0414668
-0.043941
-0.0446976
-0.0439122
-0.0417856
-0.0385398
-0.0344146
-0.029663
-0.024547
-0.0193328
-0.0142867
-0.00966979
-0.00573418
-0.00271813
-0.000842044
-0.000304569
-0.001279
-0.00391009
-0.0083113
-0.0145625
-0.0227083
-0.0327566
-0.0446783
-0.0584066
-0.0738382
-0.0908339
-0.10922
-0.128793
-0.149316
-0.17053
-0.192151
-0.213878
-0.235395
-0.256377
-0.276495
-0.295417
-0.31282
-0.328388
-0.341823
-0.352844
-0.361195
-0.366651
-0.369015
-0.368128
-0.363871
-0.356164
-0.344971
-0.330299
-0.312203
-0.290779
-0.266172
-0.238565
-0.208188
-0.175306
-0.140221
-0.103267
-0.0648089
-0.0252322
0.0150567
0.0556375
0.0960813
0.135956
0.174833
0.212289
0.247917
0.281328
0.312157
0.340068
0.364758
0.385961
0.403454
0.417057
0.426635
0.432104
0.433426
0.430616
0.423737
0.412902
0.398269
0.380044
0.358473
0.333844
0.306476
0.276724
0.244964
0.211597
0.177037
0.14171
0.106045
0.070472
0.0354116
0.00127331
-0.0315512
-0.0626931
-0.091811
-0.118595
-0.142772
-0.164106
-0.182404
-0.197516
-0.209338
-0.217811
-0.222924
-0.22471
-0.223247
-0.218659
-0.211106
-0.200789
-0.187942
-0.172832
-0.15575
-0.137009
-0.11694
-0.0958863
-0.0741962
-0.0522213
-0.0303095
-0.00880006
0.0119808
0.0317248
0.0501456
0.0669826
0.0820046
0.0950124
0.105842
0.114364
0.120489
0.124165
0.125377
0.124151
0.120546
0.114658
0.106618
0.0965833
0.0847416
0.0713032
0.0564986
0.0405746
0.0237897
0.00641
-0.0112953
-0.0290581
-0.0466159
-0.0637154
-0.0801172
-0.0955985
-0.109957
-0.123014
-0.134615
-0.144634
-0.152974
-0.159568
-0.164378
-0.167399
-0.168654
-0.168193
-0.166096
-0.162465
-0.157427
-0.151127
-0.143727
-0.135402
-0.126336
-0.11672
-0.106746
-0.0966044
-0.0864812
-0.0765524
-0.0669821
-0.0579188
-0.0494929
-0.0418143
-0.0349699
-0.0290226
-0.0240097
-0.0199427
-0.0168066
-0.014561
-0.0131402
-0.0124551
-0.0123948
-0.0128286
-0.0136093
-0.0145753
-0.0155547
-0.0163682
-0.0168331
-0.0167673
-0.0159925
-0.0143389
-0.0116482
-0.00777771
-0.00260364
0.00397595
0.0120383
0.0216333
0.0327822
0.0454753
0.0596715
0.0752978
0.0922493
0.11039
0.129553
0.149545
0.170144
0.191108
0.212171
0.233054
0.253463
0.273096
0.291648
0.308813
0.324291
0.337793
0.349043
0.357784
0.363784
0.366837
0.366769
0.36344
0.356746
0.346625
0.333053
0.316053
0.295686
0.272059
0.245322
0.215665
0.183316
0.148541
0.111642
0.0729472
0.0328145
-0.0083775
-0.0502328
-0.0923427
-0.134292
-0.175662
-0.216039
-0.255017
-0.292205
-0.32723
-0.359742
-0.389421
-0.415978
-0.439159
-0.45875
-0.474577
-0.486512
-0.494468
-0.498406
-0.498331
-0.494294
-0.486389
-0.474752
-0.459559
-0.441023
-0.419391
-0.394937
-0.367965
-0.338796
-0.307771
-0.275241
-0.241563
-0.207098
-0.172204
-0.137229
-0.10251
-0.0683704
-0.0351093
-0.00300416
0.0276947
0.0567663
0.0840214
0.109303
0.13249
0.153493
0.172258
0.188765
0.203027
0.215086
0.225012
0.232904
0.238881
0.243083
0.245666
0.246798
0.246657
0.245425
0.243285
0.240419
0.237001
0.233196
0.229158
0.225022
0.22091
0.216921
0.213135
0.209607
0.206371
0.203439
0.200799
0.198417
0.19624
0.194195
0.192192
0.190129
0.187891
0.185354
0.18239
0.17887
0.174663
0.169646
0.163702
0.156726
0.148628
0.139333
0.128787
0.116955
0.103826
0.0894147
0.0737583
0.0569202
0.0389888
0.0200767
0.000319357
-0.0201258
-0.0410823
-0.0623562
-0.0837397
-0.105014
-0.125952
-0.146323
-0.165897
-0.184445
-0.201748
-0.217596
-0.231794
-0.244168
-0.254561
-0.262843
-0.268911
-0.272689
-0.274133
-0.273231
-0.270001
-0.264496
-0.256799
-0.247025
-0.235318
-0.221849
-0.206814
-0.190431
-0.172936
-0.15458
-0.135625
-0.11634
-0.0969948
-0.077858
-0.0591914
-0.0412458
-0.0242567
-0.00844064
0.00600866
0.0189236
0.0301656
0.0396274
0.0472351
0.0529493
0.0567658
0.0587161
0.0588665
0.0573171
0.0542003
0.0496781
0.0439398
0.037198
0.0296856
0.0216511
0.0133539
0.00506044
-0.00296174
-0.0104483
-0.0171434
-0.0228046
-0.0272073
-0.0301498
-0.0314571
-0.0309844
-0.0286209
-0.0242921
-0.0179622
-0.00963527
0.000643705
0.0127889
0.0266741
0.0421344
0.0589678
0.0769382
0.0957789
0.115196
0.134874
0.154479
0.173667
0.192085
0.209383
0.225214
0.239244
0.251157
0.260661
0.267491
0.271418
0.272253
0.26985
0.264107
0.254976
0.242457
0.226606
0.207531
0.185393
0.160407
0.132834
0.102986
0.0712163
0.0379157
0.00350986
-0.0315487
-0.0667864
-0.101715
-0.135841
-0.168669
-0.199713
-0.228504
-0.254593
-0.277566
-0.297042
-0.312687
-0.324216
-0.3314
-0.334069
-0.332115
-0.3255
-0.31425
-0.298462
-0.278301
-0.254
-0.225856
-0.194227
-0.15953
-0.122233
-0.082851
-0.0419362
-7.3658e-05
0.0421287
0.0840482
0.125057
0.164529
0.201854
0.23644
0.26773
0.295202
0.318387
0.336867
0.350288
0.358364
0.360883
0.357711
0.348791
0.334153
0.313907
0.288247
0.257445
0.221854
0.1819
0.138076
0.0909389
0.0410993
-0.0107845
-0.0640163
-0.117871
-0.171606
-0.224469
-0.27571
-0.324593
-0.370404
-0.412464
-0.450136
-0.482837
-0.510043
-0.531304
-0.54624
-0.554557
-0.556046
-0.550588
-0.538159
-0.518823
-0.492742
-0.460167
-0.421437
-0.376977
-0.327288
-0.272946
-0.21459
-0.152915
-0.0886638
-0.022615
0.0444261
0.111639
0.178198
0.243285
0.306101
0.365875
0.421874
0.473415
0.519876
0.560697
0.595395
0.623568
0.644897
0.659156
0.666207
0.666009
0.658615
0.644168
0.622902
0.595138
0.561277
0.521796
0.477238
0.428209
0.375363
0.319396
0.261036
0.201032
0.140143
0.079127
0.0187326
-0.040314
-0.0973175
-0.151623
-0.202625
-0.249774
-0.292586
-0.330647
-0.363617
-0.391233
-0.413316
-0.429767
-0.44057
-0.44579
-0.445569
-0.440127
-0.42975
-0.414792
-0.395663
-0.372825
-0.346781
-0.318069
-0.287251
-0.254904
-0.221612
-0.187955
-0.154501
-0.121797
-0.0903573
-0.0606614
-0.0331425
-0.00818228
0.0138939
0.0328224
0.0484038
0.060506
0.0690651
0.0740853
0.0756381
0.07386
0.0689493
0.0611618
0.0508058
0.0382358
0.0238461
0.0080633
-0.00866166
-0.0258616
-0.0430616
-0.0597876
-0.0755749
-0.0899765
-0.102571
-0.112971
-0.120827
-0.12584
-0.12776
-0.126395
-0.121612
-0.113345
-0.101588
-0.0864038
-0.0679187
-0.0463227
-0.0218662
0.00514328
0.034346
0.0653352
0.0976638
0.130851
0.16439
0.197756
0.230414
0.26183
0.291476
0.31884
0.343434
0.364806
0.382539
0.396267
0.405676
0.410511
0.41058
0.405759
0.395993
0.381298
0.361763
0.337546
0.308877
0.276051
0.239426
0.199419
0.156498
0.111179
0.0640156
0.0155919
-0.0334844
-0.0825916
-0.131103
-0.178395
-0.223858
-0.266903
-0.30697
-0.343539
-0.376133
-0.40433
-0.427765
-0.446136
-0.45921
-0.466824
-0.46889
-0.465394
-0.456397
-0.442032
-0.422507
-0.398096
-0.369139
-0.336036
-0.299241
-0.259254
-0.216616
-0.171901
-0.125707
-0.0786458
-0.031339
0.0155952
0.0615483
0.105931
0.148181
0.187769
0.224211
0.257067
0.285954
0.310546
0.330581
0.345861
0.356258
0.361712
0.362232
0.357896
0.348846
0.33529
0.317495
0.295781
0.270521
0.242128
0.211056
0.177787
0.142827
0.106695
0.0699203
0.0330306
-0.00345384
-0.0390283
-0.07321
-0.105545
-0.135616
-0.163044
-0.187496
-0.20869
-0.226396
-0.240438
-0.250698
-0.257115
-0.259687
-0.258466
-0.25356
-0.245128
-0.233378
-0.218562
-0.200972
-0.180935
-0.158805
-0.134962
-0.1098
-0.0837256
-0.0571473
-0.0304727
-0.00410052
0.0215851
0.0462199
0.0694651
0.0910116
0.110585
0.127947
0.142902
0.155296
0.165018
0.172005
0.176235
0.177733
0.176566
0.172842
0.166706
0.158339
0.147954
0.135788
0.122104
0.107181
0.0913093
0.0747897
0.0579238
0.0410109
0.0243428
0.00819905
-0.00715737
-0.0214844
-0.0345641
-0.0462066
-0.0562519
-0.0645724
-0.0710748
-0.0757003
-0.0784255
-0.0792621
-0.0782556
-0.0754846
-0.0710584
-0.0651148
-0.0578169
-0.0493503
-0.0399193
-0.029743
-0.0190513
-0.00808081
0.00292961
0.0137428
0.0241277
0.033863
0.0427413
0.0505725
0.0571866
0.0624369
0.0662025
0.0683895
0.0689332
0.0677985
0.0649806
0.0605049
0.054426
0.0468273
0.0378189
0.0275358
0.0161354
0.00379514
-0.00929101
-0.0229155
-0.036861
-0.0509036
-0.0648167
-0.0783749
-0.0913573
-0.103551
-0.114756
-0.124785
-0.13347
-0.140662
-0.146236
-0.150089
-0.152145
-0.152357
-0.150701
-0.147183
-0.141837
-0.134721
-0.12592
-0.115543
-0.10372
-0.0906004
-0.0763525
-0.0611578
-0.0452099
-0.0287107
-0.0118679
0.00510884
0.0220105
0.0386321
0.0547757
0.070253
0.0848882
0.0985203
0.111005
0.122216
0.132049
0.140419
0.147264
0.152544
0.15624
0.158358
0.158924
0.157983
0.1556
0.151859
0.146858
0.140708
0.133533
0.125466
0.116646
0.107215
0.0973204
0.0871052
0.0767113
0.066275
0.0559251
0.0457817
0.0359536
0.0265377
0.0176173
0.00926144
0.00152421
-0.00555544
-0.0119539
-0.0176625
-0.0226871
-0.0270473
-0.0307754
-0.0339151
-0.0365203
-0.0386531
-0.0403829
-0.0417836
-0.0429326
-0.0439085
-0.0447894
-0.0456508
-0.0465644
-0.0475962
-0.0488049
-0.0502408
-0.0519444
-0.0539459
-0.0562643
-0.0589067
-0.0618683
-0.0651326
-0.0686713
-0.0724447
-0.076403
-0.0804864
-0.0846267
-0.0887485
-0.0927706
-0.096607
-0.100169
-0.103368
-0.106113
-0.108319
-0.109902
-0.110784
-0.110896
-0.110174
-0.108565
-0.106029
-0.102534
-0.0980626
-0.0926095
-0.0861828
-0.0788039
-0.0705073
-0.0613405
-0.0513635
-0.0406477
-0.0292756
-0.0173394
-0.00493966
0.0078155
0.0208123
0.0339324
0.047055
0.0600576
0.0728183
0.085217
0.0971368
0.108466
0.119098
0.128935
0.137887
0.145873
0.152823
0.158677
0.163387
0.166917
0.169242
0.170349
0.170239
0.168921
0.166416
0.162758
0.157986
0.152153
0.145315
0.13754
0.128898
0.119468
0.10933
0.0985681
0.0872703
0.0755243
0.0634185
0.0510414
0.03848
0.0258199
0.0131443
0.000533517
-0.0119351
-0.0241878
-0.0361545
-0.0477689
-0.0589689
-0.0696961
-0.0798962
-0.0895185
-0.0985165
-0.106847
-0.11447
-0.121351
-0.127455
-0.132755
-0.137222
-0.140835
-0.143574
-0.145421
-0.146366
-0.146397
-0.14551
-0.143704
-0.140983
-0.137355
-0.132835
-0.127441
-0.121199
-0.114142
-0.106308
-0.097742
-0.0884975
-0.0786344
-0.06822
-0.0573289
-0.0460426
-0.0344493
-0.0226436
-0.0107257
0.00119946
0.0130226
0.0246314
0.0359117
0.0467486
0.0570277
0.0666366
0.0754665
0.0834137
0.090381
0.0962795
0.10103
0.104564
0.106827
0.107777
0.107388
0.10565
0.102568
0.0981683
0.0924916
0.0855985
0.0775669
0.0684925
0.0584875
0.0476804
0.036214
0.0242446
0.0119397
-0.000523625
-0.0129611
-0.0251835
-0.0369994
-0.0482177
-0.0586506
-0.068116
-0.0764409
-0.0834637
-0.0890373
-0.0930315
-0.0953355
-0.0958603
-0.0945402
-0.0913351
-0.0862314
-0.0792434
-0.0704136
-0.0598132
-0.0475418
-0.0337268
-0.0185226
-0.00210878
0.0153115
0.033514
0.0522555
0.0712776
0.0903092
0.109071
0.127278
0.144644
0.160887
0.175733
0.188915
0.200187
0.209318
0.216103
0.220363
0.221947
0.220739
0.216659
0.209661
0.19974
0.186931
0.171309
0.152988
0.132124
0.108908
0.0835695
0.0563724
0.0276105
-0.00239409
-0.0332955
-0.0647284
-0.096312
-0.127656
-0.158365
-0.188044
-0.216303
-0.242764
-0.267067
-0.288869
-0.30786
-0.323755
-0.33631
-0.345316
-0.350609
-0.352072
-0.349633
-0.34327
-0.333013
-0.318941
-0.301184
-0.279921
-0.255376
-0.227821
-0.197565
-0.16496
-0.130386
-0.0942536
-0.0569976
-0.0190686
0.0190707
0.0569525
0.0941095
0.130082
0.164423
0.196707
0.226531
0.253526
0.277357
0.29773
0.314398
0.32716
0.335869
0.340428
0.3408
0.336999
0.329098
