-0.584495
0.655156
-0.216111
0.200747
0.332784
0.390793
-1.47369
0.167379
0.261808
-0.396509
-0.949146
0.89685
0.813175
-1.08517
-0.55995
0.0437078
0.332082
0.0611024
-0.438574
-0.835093
-0.281386
-0.208275
0.427774
-0.223465
0.106307
0.414754
0.556585
-0.231507
-0.640422
-0.812381
-0.556286
-0.00240587
-0.0207224
-0.476246
-0.276544
-1.66973
-1.39777
-0.200814
-0.330306
1.00418
0.879547
0.718193
-0.714716
-0.23473
0.40112
0.802435
0.555
0.149861
-0.0217605
0.599192
-0.357965
0.240527
0.327557
0.230242
0.583434
0.655844
-0.158827
-0.289108
-0.331229
1.11678
-0.0460029
-0.0587034
1.11972
-0.513231
-1.03323
-1.74507
0.37626
-0.615204
2.00645
0.749376
0.650738
-0.184087
-0.293108
-0.164869
0.996561
0.234209
-0.134359
-0.0397375
-0.113557
-0.290451
-0.156469
-0.0981027
-0.0455174
0.592307
0.721198
0.103242
-0.205097
-0.333331
0.383239
-1.3308
-1.21291
0.0373423
-0.155957
-0.872553
0.0463417
0.404631
0.82001
-0.122671
-1.17521
-1.18649
-0.586389
1.50824
3.34805
3.9856
3.50879
2.67223
0.913023
-0.4173
1.18199
0.990636
0.516267
0.688199
1.3183
0.506651
-0.0855166
-0.167377
-0.192791
1.37423
-0.844068
-0.211282
-0.561185
-0.441936
-1.47433
-0.539035
0.3897
0.413012
0.951165
0.656926
0.684585
-0.242883
-0.609638
-0.638609
-0.0231892
-0.437638
-0.863961
-1.01426
-0.516398
0.169977
0.150526
0.0246909
-0.0851746
0.131911
0.346745
0.0400798
-0.233087
-0.36735
1.18059
-1.64398
-0.950651
0.393882
-0.542828
-0.782436
0.285029
0.353902
1.15549
0.398386
-0.407731
-0.72442
-0.707471
-0.540055
-0.0346007
1.19378
0.823949
0.242949
-0.519033
-0.648563
0.309179
0.124715
0.133146
0.165649
0.0980323
-0.117579
-0.651592
-0.608086
-0.505361
0.585685
-0.612063
-1.04955
-0.0489007
-0.991692
-1.2847
-0.984832
-0.019268
0.336943
0.548297
0.399172
0.214911
0.112285
-0.0801012
-0.0361135
0.953703
0.704643
0.330586
-0.0714745
-0.143292
0.199952
0.261457
0.0447536
-0.111631
0.131976
0.0243557
-0.593621
-0.632431
-0.643807
1.64902
0.247966
-0.751663
-0.0315537
-0.420485
-0.60213
-0.661943
1.03444
0.240927
0.842365
0.337036
0.449553
0.164935
0.00801596
0.112181
1.27998
0.370004
-0.384866
-0.48458
-0.217193
-0.961346
0.0619283
0.324448
0.265412
0.208853
0.118238
-0.131581
-0.210039
-0.238843
0.962566
-0.416138
-0.494105
1.11558
-0.266055
-0.375245
0.00870397
0.441036
-0.0237644
0.935077
1.45009
0.740887
-0.153594
0.552503
1.38445
1.92706
2.2226
2.12313
0.633487
0.317859
0.420303
-0.415042
0.00763315
-0.0530512
0.387202
0.20289
-0.238916
-0.197655
-0.100765
0.871704
-1.27404
-0.0980429
0.411836
-0.697144
-0.545202
-0.856514
0.50013
-0.471269
0.37437
1.03975
0.506484
0.202717
-0.0837048
-0.126362
0.359147
0.24316
0.0780204
-0.147471
-0.19546
0.893123
1.22385
0.342935
-0.111385
0.222308
0.6021
0.565587
0.0258314
-0.349765
0.0403443
-0.212922
-0.403853
0.668317
-0.427511
-0.110944
0.533528
0.940264
-0.783888
-0.0367682
0.37819
0.31511
-0.616486
-0.234533
0.102173
0.254032
0.56904
0.675762
0.251547
-0.272897
0.142857
0.13642
-0.082833
0.035176
0.0789039
-0.213854
-0.377403
-0.316817
-0.231121
-0.127983
0.0264043
-1.21883
0.172935
-0.425047
-1.00347
-0.425644
0.712978
0.479351
0.4377
0.131834
0.0041182
-0.235634
0.590887
1.10494
1.12181
0.965268
0.90557
0.940252
0.235554
-0.246424
-0.256574
-0.112543
-0.19636
0.0493705
0.0177493
-0.47363
-0.611069
-0.660373
1.29525
-0.724293
-1.07629
-0.159505
0.232017
-0.384487
-0.849401
0.549722
-0.11082
0.483279
0.0878933
0.192159
-0.0468818
0.00791919
0.240401
1.09463
1.13587
1.14094
0.848678
-0.215661
-0.357522
-0.881875
0.285693
0.246295
0.386033
0.158744
-0.155691
-0.132486
-0.116339
-0.698961
-0.164213
-0.948949
-0.545802
1.10394
-0.864469
-1.05857
-1.26561
-0.129809
-0.886862
0.418797
0.20858
0.0580779
-0.0569941
-0.206564
-0.327855
0.45735
1.07883
1.08288
0.477871
0.794183
0.58548
-0.0691712
-0.227374
-0.140209
-0.462642
-1.25931
-1.14199
-0.875294
1.14303
0.388894
0.272166
-0.616399
1.91047
0.366447
1.62107
-0.251271
0.846694
-2.30049
-2.37893
0.0369959
-0.486026
-1.3781
-1.66376
-0.646512
-0.436271
-0.413136
-0.534896
-0.0621794
0.530463
-0.159334
-0.484661
-0.311054
-0.139264
-0.453179
-1.2951
-0.940733
-0.694141
-0.748963
1.51058
-0.79722
-0.595317
1.05533
2.88398
1.83441
-0.504712
1.00517
-0.369679
-1.92936
-2.15502
-0.853935
-0.394515
-0.0846397
0.0639752
-0.272541
-0.325123
0.333463
0.420122
0.801036
0.732489
0.30421
0.882725
0.437023
-0.363341
-1.3974
-0.42172
0.257221
0.060549
-0.580107
-1.52516
-0.406206
-0.0333189
0.308085
-0.141885
-0.854849
-0.940658
-1.01412
1.95714
2.05705
0.611295
1.54275
2.01848
1.5941
1.8288
2.1971
2.12295
0.505638
1.02631
0.502644
1.10786
0.620847
1.2776
1.48485
0.838239
0.0619353
-0.351417
0.556377
-0.592661
-0.423701
1.26827
0.76435
0.33919
-0.249785
0.166674
-0.198981
0.332324
0.390169
0.0665945
-0.381964
-0.486129
-0.512727
-0.477887
-0.132579
0.0310239
0.0593497
0.375769
0.0564163
-0.451144
0.672158
0.417609
0.230128
0.362377
0.845615
0.115987
-0.391733
0.403402
-0.352528
-0.554573
1.7816
0.451157
0.41496
1.40492
0.853898
-0.668506
0.367715
0.720088
0.0904706
-1.24643
-0.221461
0.488757
0.564163
0.451844
0.33629
0.246168
0.231361
0.0959806
-1.16348
0.0630936
0.245491
0.327651
0.448332
0.262216
0.0771745
-0.254328
-1.59756
-0.724394
-0.157466
0.83988
0.0639621
-0.279737
-1.12501
-0.780536
-1.1836
-1.24551
0.57425
0.0625074
-0.103577
-0.137718
-0.241483
-0.600677
-0.0808218
0.758717
1.33771
0.804746
1.31443
0.565263
0.192137
0.0768264
0.58271
1.17431
1.58106
0.53982
-0.521775
-1.0209
0.987393
0.390812
1.3787
0.112134
0.806738
-0.33061
-0.349241
-0.82323
0.639924
0.391902
0.192018
-0.201869
-0.196225
-0.154459
0.117308
0.198326
0.204531
0.169269
0.301557
-0.473948
-0.671289
0.41171
0.280349
0.37218
0.258024
-0.164148
-0.262127
-0.37297
-0.6325
-1.49881
-1.42185
-0.167708
0.202378
-0.467841
-0.591198
-0.0395952
-0.43915
0.767413
1.13401
0.683111
0.0519562
0.0654577
0.0938695
0.194076
0.689822
1.49218
1.9765
0.791916
0.756841
0.0854848
-0.569008
-0.761548
-0.373362
-0.633778
-1.37058
-1.21642
-0.928095
-0.116681
0.766822
0.179476
0.117238
0.741893
0.634883
-0.358633
0.154091
-0.219545
0.537317
-1.21018
-0.661088
-0.310639
-0.433088
-0.4467
-0.0223483
-0.274909
-0.216486
0.733816
0.0757001
-0.669916
0.234804
1.22493
0.957223
1.2087
0.967893
-0.239405
-0.393967
-0.5436
-0.842871
0.178628
-0.0853108
0.788103
1.66477
0.196273
-0.164092
0.616065
-0.113428
2.16097
-0.410583
-0.214073
-0.377011
-0.540096
-0.592883
-0.46406
-0.413696
-0.198225
0.402448
0.101939
-0.0885645
-0.544014
-0.124719
0.00239532
-0.125396
-0.159179
-0.106717
-0.229886
-0.315594
0.110795
0.0903558
0.277678
0.221276
1.14962
-0.637206
-0.742926
0.0218197
0.0639012
0.364136
-0.0343487
-0.279914
-0.0678873
-0.523276
-0.688196
0.0463127
-0.0428369
-0.0745574
0.191467
0.540738
0.258626
0.180153
0.344866
0.29446
0.201263
0.0372275
0.0769083
-0.431801
-0.785794
-0.0976292
0.649288
-0.252305
1.79174
1.29602
0.605479
-0.40431
-0.523837
-0.873643
-0.223383
0.403137
0.00975574
-0.232993
-0.159501
-0.123097
-0.163178
-0.0844746
0.111449
0.34606
-0.180589
-0.646056
-0.97231
0.185902
0.308912
0.319476
0.0765499
0.521023
0.282303
-0.133391
-1.03639
-1.17547
-0.417547
0.483876
0.303261
-0.236943
0.0360764
-0.749014
1.06556
-1.86004
0.222393
-0.344768
0.37871
0.445408
0.429783
0.197952
0.428713
0.836964
1.12013
0.647987
1.38866
1.58348
0.653904
0.313611
0.190453
0.137362
0.312154
-0.186467
-0.533439
-0.387359
-0.591121
0.0979489
0.234886
0.272341
0.65011
0.576434
0.340257
1.3023
-0.465411
0.469884
0.100776
0.174253
-0.0542747
-0.189196
-0.202702
-0.371437
-0.36242
0.116366
0.0746854
0.315925
0.548426
0.746827
0.403161
0.35904
0.314793
0.60811
-0.215594
-0.78878
-0.123604
0.265317
0.52554
0.254315
0.245484
0.803703
0.563442
0.443254
0.546041
1.50688
0.23526
0.0625351
-0.440208
-0.0854369
0.105135
-0.0609373
-0.218533
-0.208741
0.252546
0.290957
-0.199509
-0.306966
0.635974
0.433411
0.677218
0.155758
-0.390882
-0.392642
-0.395791
-0.526126
-1.10377
-0.199023
-0.262463
0.224694
-0.236241
-0.399231
-0.062857
0.146534
-0.373515
0.691167
0.23085
0.0349101
-0.294108
-0.407323
-0.0313734
0.238624
0.588538
0.779952
0.253683
0.701085
0.755806
0.170246
0.00460355
0.276147
0.25489
-0.302494
-0.539708
-0.634116
0.992932
-0.233557
0.586084
-0.205297
0.340295
0.337596
0.166447
0.531712
-0.107426
0.347192
0.719314
0.202655
-0.499585
-0.482694
-0.419034
-0.246001
-0.736899
-0.943212
-0.425728
-0.277817
-1.15432
-0.548942
0.638853
0.451273
0.551118
0.25315
-0.489563
-0.543699
-0.559738
1.76227
-0.47774
-0.0251372
0.738761
-0.674904
0.870429
0.432006
0.412687
-0.959549
1.48362
0.998354
0.065131
-0.478524
1.35765
3.04216
3.45343
1.53605
0.188705
0.000892071
0.542842
0.612234
-0.928451
-0.557733
-0.209157
0.120716
-0.482558
-1.93221
-1.39868
-0.55174
0.82735
-1.55058
-1.06543
-0.31957
-0.822713
-1.36234
-1.83757
-0.801561
-1.24253
-0.582743
0.24816
-0.0109538
0.434974
-0.170362
-0.431848
0.390803
0.626144
0.685789
0.574466
0.157971
0.485344
1.03347
-0.165762
-0.167771
0.0921897
-0.12333
-1.26768
-1.76707
-1.96717
-0.0316924
1.1467
0.416156
-1.97739
1.40443
0.135241
1.29297
0.184106
-0.0219753
2.82521
1.34032
-0.418459
-2.7864
-0.836135
0.785701
1.3274
1.96749
1.66367
-1.17764
-1.30709
-1.93334
-1.90341
-0.823361
-0.0406896
0.31397
-0.115187
-1.82409
-1.1511
-0.682789
-0.817445
0.590595
2.03273
-1.27981
0.73238
0.414299
0.716907
-0.721187
0.69441
-0.338648
-0.448059
-0.481014
-1.0127
-1.62419
-1.74753
-0.830913
-1.64238
-2.04895
-1.67349
-0.704763
-2.00643
-0.381625
0.836981
1.18828
0.875928
-0.00816512
-1.29305
-0.844603
-0.20177
0.586428
0.435198
0.626772
0.408923
0.840403
-0.342124
0.373995
-0.13811
0.111476
-0.102614
-0.808886
0.00915723
-0.0316661
0.0721495
0.067925
-0.922904
-2.17288
-2.52358
-1.11967
-0.261449
-0.0747146
0.824277
0.373488
0.661105
0.201143
-0.16007
-0.574227
-0.551885
-0.500186
-0.047135
-0.126663
-0.350534
-0.365656
-0.171821
-0.850085
-0.0566621
-0.222593
1.05877
-0.16799
0.973863
0.402667
0.397001
-0.130696
-0.453514
-0.498939
-0.945911
-1.13288
-0.535351
0.410831
0.786308
0.95245
-0.113044
-0.0770093
-0.0792483
-0.445919
-0.916685
-1.20028
-1.32142
0.204118
0.656909
-0.0513531
-0.939362
-0.319933
0.0698138
1.00252
0.303258
0.567109
-0.187647
-0.297973
-0.320113
-0.331719
-0.430305
-0.463455
-0.326655
-0.747784
-1.09271
-0.854673
0.366321
-0.825659
0.218686
0.613875
0.818923
0.683511
-0.110765
-0.678262
-0.622964
-0.513456
-0.132161
-0.243065
0.995586
0.739396
-0.541732
-0.16014
0.70605
-0.706001
1.31272
-0.369823
-0.50858
-0.56887
0.295722
0.308419
0.293153
-0.0485684
-0.746695
-1.0156
-0.37258
0.710924
0.102231
1.0715
0.355446
0.429683
0.017845
-0.490886
-0.705706
-0.759184
-0.852806
-1.77258
0.0817055
-0.558493
0.332895
0.379011
0.147251
-0.285492
-0.311714
0.422625
0.426847
0.0340327
0.457226
1.75106
1.53144
0.815967
-1.07021
-0.797235
-0.41193
-0.14078
-0.200102
-0.449171
-0.222879
0.549111
0.519598
0.259326
-0.0452719
0.548122
0.265043
-0.0984339
-0.435937
-0.882333
0.69108
-0.468398
0.0426619
-0.841024
-0.677472
0.335242
0.282468
0.0259632
1.85509
1.48834
2.98138
2.15341
0.792868
-0.469522
-0.0723795
0.234623
0.194924
-0.262573
-0.0306309
-0.256669
-0.831884
-0.786746
-1.18979
-0.661576
1.07621
0.553706
-0.0323428
-0.4011
0.416989
0.447732
0.740777
-0.588606
1.53047
-0.113399
-0.136489
-0.275362
-1.3698
-0.0598728
0.521231
2.11458
2.01884
1.62021
0.239829
0.287928
0.247172
-0.0346794
-0.00366692
-0.977281
0.491365
1.24785
1.14389
1.02834
0.872848
1.28818
0.544961
-0.624662
-2.48318
-0.8632
-0.564778
-0.675348
1.00942
-2.52745
-0.219804
0.581041
0.429878
0.0930817
1.88578
0.972308
2.38355
0.831974
-0.270839
-0.402957
-0.158188
0.231509
0.363938
-0.239147
0.942913
-0.754066
-2.13721
-2.3945
-2.31103
-1.65544
0.24216
-0.315388
-1.01947
-1.63298
1.1412
0.224131
-1.85274
-0.239864
0.216384
1.67843
0.482669
0.684241
0.929831
-2.10194
-3.69999
-0.0644962
-1.23555
-1.70339
-0.180337
-0.872502
-1.15117
-0.767285
-0.92408
-1.00624
0.587313
-0.752959
0.195623
0.643336
0.728429
0.939466
0.321493
-0.197749
-0.306589
0.506228
-0.0730553
-0.513284
-0.0761078
-0.558343
0.50152
1.52002
-0.289277
2.09309
2.66042
1.20828
0.78336
-0.430737
-1.18234
-1.38059
-1.86307
-1.96976
-1.03974
-0.90281
-1.52162
0.387351
-0.266545
-0.188184
-0.369341
0.117833
1.3483
0.601797
-0.32339
-1.09167
-0.547661
-0.439335
-1.00988
-0.503541
-0.865818
0.0368143
-0.444494
-0.0749643
-1.40414
-0.200052
-0.879192
0.308369
0.120252
-0.257666
-0.89174
-1.19003
-1.02771
0.180012
-0.306562
0.309042
1.26763
-0.127197
-0.172637
-0.0651653
0.456593
1.36394
0.305798
-0.717625
-1.11926
0.85518
0.318065
-0.518351
-0.211339
-0.346864
0.282695
-0.109241
0.530051
-1.00005
0.165538
-0.669559
0.254883
-0.164965
-0.693351
-1.07342
-1.24631
-1.20029
-0.384201
-0.32087
-0.921694
0.192642
0.21792
0.182533
-0.0722199
0.384104
1.51639
0.409946
-0.712137
-1.23113
-0.0411796
-0.433587
-0.592962
-0.8072
1.09278
0.845809
-0.817738
-0.559432
-1.6813
-1.09215
-1.35112
0.0356791
-0.234485
-0.355285
0.0924604
0.408384
0.746606
0.872139
-0.168853
-0.4887
0.460593
0.856921
0.905688
1.24605
1.98562
1.65221
1.15722
0.412657
-1.0778
-1.0033
-0.704158
1.76722
0.582659
-0.646242
-0.524442
-0.155055
-0.840558
-1.53487
0.133792
0.606287
0.765523
0.107872
-0.766848
-1.31514
-0.846645
-0.349683
-0.169422
-0.323559
-0.291353
-0.323462
0.463572
-0.229768
-0.589051
-0.296785
0.944109
-0.0526634
-0.746281
-0.52461
-0.434613
0.0844468
-0.70374
0.215753
-0.0853224
1.31786
0.375243
0.574038
0.36349
0.821161
-0.507237
-1.6698
-0.156449
0.567825
-0.473456
0.332289
0.521335
-1.04846
-1.25726
-0.955444
-0.628261
0.734964
0.817995
1.03604
1.15774
1.06092
0.252465
-0.310109
-0.134124
-0.0167926
0.539476
-0.904545
-1.68774
-0.501199
-0.771838
-1.29472
0.274747
-0.800017
0.472963
-0.233271
-0.999689
-1.11908
-1.10576
-0.707942
-0.61827
-0.604251
-0.753848
-0.918138
-0.380843
0.233879
0.301299
0.401815
0.409491
0.490817
0.641713
-0.0207651
-0.481759
0.279784
-1.39299
-0.740896
-0.962947
-1.23727
-0.751242
-0.40686
-1.21987
-0.994892
-0.539933
1.37949
0.261091
-1.30362
-0.449941
0.0244515
-0.0421716
0.56358
0.790124
-0.230048
-0.779735
-0.0614362
-0.541722
0.223483
0.106511
0.439195
0.361184
-0.549965
-0.621085
-0.642273
1.44282
-0.611329
0.225433
-0.760893
-0.498585
0.17903
-0.837154
-0.427024
0.0842859
-0.249345
0.345276
0.123595
-1.10048
-0.836783
-0.519744
-0.364643
-0.678511
-0.878609
-0.84111
-0.590802
-0.916587
-0.784411
0.221572
0.282874
0.629283
0.344773
-0.688861
-0.847694
-0.898743
1.15969
1.43569
0.575846
-0.525237
0.623705
-0.203463
0.0689769
0.325636
-0.128194
1.16058
-0.090807
-0.036053
-1.43856
-0.414186
0.150415
-0.125013
-0.376976
-0.426363
-0.227519
-0.338451
-0.951417
-1.47732
0.204374
0.438164
0.521688
-0.333579
-2.18005
-1.60424
-0.712385
0.641489
-0.765079
0.127349
-0.456733
0.385024
-0.467558
-0.912622
0.061733
-0.0932551
0.51346
0.0826336
0.285743
-0.0422497
-0.658026
-0.833873
-0.0777442
-0.904492
-1.15688
-0.289881
-0.448163
-0.473396
-0.0285492
0.387928
0.242616
0.294884
-0.162508
-1.34171
-1.18077
-0.822756
1.49179
1.08271
-0.130434
-0.171077
0.430585
0.0223755
0.521194
1.18588
-0.693317
1.10719
0.165181
0.174881
-0.248667
0.336291
0.585718
-0.224855
-0.434267
-0.479935
-0.52186
-0.806493
-0.524372
-0.59356
0.66735
0.611495
0.646329
-0.005921
-0.62325
-0.481387
-0.266653
0.0425757
0.245546
0.116309
0.29238
-0.614107
0.451635
0.447658
0.607344
0.532325
-0.54141
-0.298928
0.282661
0.537072
2.40765
3.34277
2.38099
1.51046
1.0142
0.395665
-0.989188
0.946263
0.902528
0.243198
-0.364406
-0.444541
-0.609729
-0.615855
-0.572785
-0.469126
0.901418
-0.489867
-1.49353
-0.309882
-1.788
-0.336189
0.405622
-0.489232
-1.15312
0.310927
0.619072
0.273221
-0.223735
-0.257781
-0.262032
-0.180479
0.109279
0.237395
0.00265637
-0.570411
0.122581
-0.266038
0.132296
0.0891387
-0.17171
-0.676697
-1.38244
-1.17486
-0.726431
1.6813
-0.31436
0.41413
-0.545896
-0.596065
-0.468125
-0.302026
0.634372
0.627541
-0.021474
-0.830544
-1.58581
-0.435743
-1.1525
-1.51335
-1.15112
-1.39036
-1.4452
-0.656799
-0.270857
-0.6527
0.410324
0.515838
0.356559
0.504144
0.504136
-0.990408
-1.65957
-1.92959
0.490238
1.46192
-0.165733
-0.70283
2.30033
-0.688881
2.44088
1.60025
0.683909
3.91229
-2.1265
-3.38641
-1.24333
-0.902605
-0.245926
1.28602
0.745956
-0.38877
-1.69737
-0.601081
-0.482981
-2.42723
-2.01629
-0.957502
-0.87779
-1.78634
-2.79176
-2.20206
-1.21603
0.679243
1.68759
1.758
-2.17622
-0.638896
2.78055
3.20471
0.376569
-0.562317
0.896063
-1.61372
-2.0346
-0.843259
-1.28624
-1.44534
-0.731033
-1.01007
-1.13998
-0.833044
-0.452208
-0.840801
1.10929
0.570945
0.629073
1.17278
0.84213
-0.547135
-0.290203
0.159318
1.14684
0.424177
0.0460067
1.02408
-0.23215
2.16872
1.24304
-0.609338
-1.3084
-1.37829
-0.503538
0.333569
-0.643962
-1.09453
-1.20535
-0.93986
-0.920434
-0.835393
-0.485763
-0.505007
-0.453773
1.55439
2.1973
2.22236
1.59541
1.10111
1.06902
1.18112
1.25913
-0.330005
0.259038
-0.654941
0.508739
-0.703563
0.779426
0.553907
-0.315137
0.236149
-0.618039
-0.381773
0.192032
0.0435454
0.361881
0.502411
0.184707
0.253675
0.436628
0.524565
-0.261319
0.770012
0.604762
0.329494
0.0414641
-0.524021
-0.0933369
1.14263
0.914502
0.502252
-0.507515
0.493647
0.294544
0.475283
-0.296367
0.474991
0.596244
-0.1623
0.158267
-0.666567
0.834688
0.430533
0.57114
0.257986
-0.228248
-0.637205
-0.496593
-0.402952
-0.413049
-0.0405009
1.71002
-0.796887
-2.256
-2.33185
-2.41712
-1.33287
1.23065
0.94997
0.488247
-0.347884
-0.232173
-0.608403
0.670591
-1.38047
1.57656
0.688342
-0.192588
0.558833
-0.403143
0.0559711
0.175954
0.0889649
0.335596
0.422829
0.0436754
0.733052
1.02123
0.305757
-0.0585294
0.82822
1.13872
0.17772
-0.279885
-0.409414
0.7196
2.17087
1.82267
1.18833
-0.410815
-0.0703949
0.638704
0.667471
-0.797015
1.22115
0.406671
-0.887407
-1.12478
-2.40522
-0.317861
0.0940777
-0.0792695
-0.728848
-1.04791
-0.818848
-0.165918
0.0672373
-0.226603
-0.150347
0.364858
0.676065
0.118801
-0.103678
-0.43147
0.630574
1.97345
1.6273
0.937806
-1.52385
0.0204862
0.169917
0.144139
-0.859579
1.00892
0.272977
-0.814686
0.2073
-0.844448
-0.653268
-0.319765
-0.312847
-0.0272776
0.0590601
-0.477952
0.618055
1.14155
0.58164
0.0444217
0.613727
0.23554
-0.160137
-0.0498858
-0.106919
0.424245
0.995464
0.815142
0.424557
-1.70553
1.15731
2.00585
0.357972
0.632235
-0.0448418
0.20335
-0.341493
0.737347
-1.37659
-0.274546
-0.231963
-0.618162
-0.764216
-1.11454
-2.01578
-1.31748
-0.55453
-0.236889
-0.21629
0.44959
-0.260045
-0.484125
-0.68709
-0.776023
-0.326298
0.715793
-0.244787
-1.14114
-1.44873
0.172557
1.06821
0.680501
1.06243
0.662145
0.436353
-0.0480438
0.0724454
0.239506
0.806745
0.0487857
-1.74073
-1.06223
-0.719818
-1.02293
-0.184297
0.171637
-0.147258
-0.0177907
-0.549208
-0.287069
0.731113
0.704526
1.05807
0.869906
0.13032
0.0959824
0.0367692
-0.970388
-0.203859
0.458097
1.04422
-0.584635
1.22053
0.132276
-0.849272
-0.570708
-2.23856
-0.671266
0.253603
-0.973177
-0.129063
0.217367
-0.804406
-0.220806
0.0885422
0.210827
0.644533
0.484549
1.62472
2.17353
2.32367
1.87819
1.61411
0.759802
0.882547
0.967961
-0.973629
-0.20504
0.672755
0.159928
0.579589
-0.0203124
-0.719786
-0.211395
1.06796
-0.666653
0.0492322
0.26056
-0.84898
-0.296994
-0.0415316
-0.494177
-0.292471
-0.221768
-0.281927
0.173828
-0.176504
-0.189222
0.048688
-0.178587
-0.192578
0.665521
1.44413
1.46259
1.46775
-0.462565
-0.255409
1.43028
-0.218261
-0.575562
-0.511449
-1.28758
-0.997354
0.989631
-0.253945
0.59616
0.147966
-0.916112
2.1219
3.4081
-0.0625846
0.191911
0.314239
0.337467
0.865684
0.97789
-0.0942241
-0.647468
-0.354524
-0.211124
0.332273
1.37305
1.10004
0.606971
-0.610717
-1.23366
-0.584187
-0.835169
-1.15945
-0.986663
-1.8296
-1.93854
-1.63754
-1.31619
1.33286
1.15588
-1.54352
0.0429866
0.72448
-0.930938
0.683511
1.45923
0.834518
0.502434
1.31095
-0.0481241
-0.105734
0.447099
0.504912
0.646671
0.493464
0.453018
0.438691
1.51847
-1.01403
0.85621
-0.426723
-1.00567
0.0719785
-2.06315
-1.09694
-0.984901
-0.428877
0.413599
0.0896069
-1.3211
-1.02607
-0.87222
-0.939475
0.0896158
1.58098
3.12239
2.91501
0.0639533
0.603672
-0.077355
0.469273
0.392125
0.947663
0.855931
0.733271
0.46543
-2.31693
0.050307
-1.44425
-0.0864601
0.161144
-0.0779063
-1.98639
-1.47887
-0.687719
1.87966
-0.563084
0.0890646
-1.0764
-0.696224
-0.555453
-1.12368
-0.583922
0.0845261
0.789947
1.22204
0.502819
0.351167
0.296799
0.143031
-0.0229278
0.597011
0.812835
0.933125
0.981355
-0.0415444
0.889449
-0.651503
0.767519
3.87381
-0.292448
-0.857005
-0.346
-0.22602
0.476007
-0.0497239
0.295319
0.502957
0.380954
0.0154044
-0.848547
-0.640919
-0.0765623
1.29415
1.54694
0.595733
-0.173131
-0.252971
-0.0991762
-0.118184
0.254036
0.698622
1.03178
1.18297
-1.36177
-0.0666628
-1.75442
0.789931
1.68603
0.436375
0.204086
-0.760159
1.07005
-0.462449
-0.985687
-0.371963
0.0119626
0.597806
0.714883
-0.263179
0.281698
0.941587
1.43836
1.57116
1.22776
0.350713
-0.167994
-0.116084
-0.265155
-0.127373
0.446337
0.720318
0.832868
-1.80411
0.549832
-0.291912
0.418304
1.45136
0.295921
-0.102021
-0.584498
0.816037
-0.617586
-0.192114
0.0561647
0.104897
-0.396661
-1.05591
-1.46199
-1.10428
-0.50572
0.466484
0.888979
0.064027
0.244344
0.0361739
0.107633
-0.0784278
0.0202971
0.336953
0.694066
0.879751
0.0278539
0.381501
0.185866
1.47818
0.661213
0.59727
-0.240201
-0.788379
-0.140499
-0.41766
0.0381947
0.262426
-0.423797
-0.391024
-0.310003
-0.164975
-0.221323
-0.371494
-0.357327
0.655565
-0.518615
-0.382444
0.261301
0.182028
0.179986
-0.207804
-0.257271
0.623301
1.23606
-0.483394
-0.192645
0.497225
-0.0653612
0.594058
-0.223008
-0.244435
-1.49493
-0.306837
-0.738666
-0.286964
0.253897
0.76694
0.22853
-0.316022
-0.475776
0.403721
0.728947
0.363799
1.47462
0.661954
0.475713
-0.380715
-0.444442
-0.566045
-0.444367
-0.119976
0.44691
0.772616
0.447559
0.508958
-0.287778
1.19969
0.334972
0.582954
-0.873981
-0.226297
-0.545815
0.0872722
-0.582396
0.231086
0.440451
-0.213172
-0.544703
-0.167949
-0.0986189
-0.134402
-0.258384
0.462511
0.152484
-0.765358
-0.193293
-0.197176
0.0227852
-0.337583
-0.634791
0.412534
1.14133
-0.0924953
-0.344381
-1.24046
0.698614
1.08722
-0.0111264
-0.268106
0.0638614
1.21405
-0.212463
-1.17279
-0.273128
0.796079
0.177367
-0.103795
0.475214
0.497021
0.479776
0.390527
0.622618
0.673152
0.123074
-0.368954
-0.522457
-0.623313
-0.565261
-0.104112
0.244153
0.40744
-0.877898
0.338254
-0.474075
0.425609
1.2636
0.271253
-0.164866
0.118018
0.440501
0.106538
-0.680286
0.354814
1.05742
0.146528
-0.352064
-0.187081
-0.19836
-0.240682
-0.187798
0.506166
-0.00117915
-0.417338
-0.00179744
-0.11209
-0.155325
-0.480053
-0.464262
0.402799
1.00615
-0.627044
0.0250482
-1.06883
0.793771
1.20723
0.408117
0.813687
0.0664857
0.249221
-0.0866567
-0.242085
0.649034
0.450101
0.447886
0.366625
-0.227657
-0.0545479
0.0966787
0.254976
0.835223
0.831988
0.140011
0.0993686
-0.0329221
-0.157853
-0.277034
-0.168398
0.757002
1.40095
0.0273482
-0.568005
0.678628
0.474898
0.230727
-0.105165
-0.550625
-0.129382
0.0545584
0.418615
0.241848
0.389331
0.79798
0.335091
-0.21155
-0.495292
-0.436876
-0.328202
-0.00341674
0.78
1.23417
1.07436
-0.46
-0.581999
-0.52699
-0.0219419
0.587048
0.812066
0.896287
-0.183176
0.443413
0.931655
0.732311
-0.224377
1.04039
0.816623
0.967413
-0.134027
-0.12747
-0.548389
0.190777
0.00441668
-0.130144
-0.365297
-0.723804
-0.462723
-0.358767
-0.411633
0.192198
0.267178
-0.031364
-0.424739
-0.171967
-0.472108
-0.545682
0.148331
1.12395
1.66375
0.85245
0.802762
-0.309402
-0.705915
-0.855443
0.116689
0.401158
0.986581
1.24216
0.711226
-1.38234
-0.405855
0.514047
0.0293859
-0.189268
0.294314
0.332917
0.336671
0.272779
0.220033
0.207115
-0.206942
-0.251135
0.298476
-0.233568
-0.307123
0.0712715
1.36889
2.20794
1.53209
0.691179
0.84488
-1.26279
-0.0635586
0.25692
0.199455
0.514995
0.87812
0.0916339
-1.74803
-0.790693
0.893234
-0.489995
-1.1608
-0.265847
-0.785995
-1.03952
-0.769493
-0.282326
-0.437742
-0.575775
-1.12474
-1.1468
-1.38678
-1.04611
0.246119
1.69351
2.4467
1.54496
0.430262
0.304175
-1.19136
0.272924
0.700695
1.35107
0.330834
1.1296
0.952897
-1.5724
-1.0749
0.536956
-0.713776
-1.24144
0.176309
-0.442389
-0.969795
-0.912732
-0.0950683
-0.592847
-0.2104
-1.11836
-0.601383
-0.967147
-0.946725
-0.154177
0.881115
1.44402
-0.168777
0.529941
0.883007
-0.768845
0.895181
-0.468996
0.178182
-0.82998
-0.228368
0.172616
0.277689
-0.317485
0.498239
-0.849068
-1.56946
-1.02298
-0.760621
-0.649979
-0.531548
0.54703
1.50499
0.728218
-1.4867
-1.66546
-1.67768
-1.00586
0.639229
0.385173
0.208384
1.06851
0.569368
0.740831
0.717529
-0.0058908
-0.134137
0.021829
0.271496
-0.0421021
-1.45052
-0.252596
0.442621
0.696566
0.138123
-0.410796
-0.716223
-1.20099
-1.4489
-1.20707
0.0849966
0.1813
0.7195
0.230521
0.0114332
-0.201575
0.175262
1.09019
0.359234
-0.149414
0.133677
1.31103
0.678174
0.493438
0.366874
0.386451
0.379472
-0.113425
-0.130184
-0.370455
0.605036
0.384447
0.437364
0.60858
0.640879
0.0227785
-0.253948
-0.587006
-0.782448
-0.224241
-0.320849
-0.569473
0.137665
0.0341986
-0.243171
0.0918742
1.11113
1.07861
1.00346
0.353471
1.61015
1.1946
-0.773926
-1.87645
-1.0145
-1.31518
-1.24592
-0.275208
-1.03122
-0.0903543
0.307847
1.02934
-0.0325053
-0.832326
-1.01945
-1.22292
-1.21517
-0.260169
0.355587
0.452869
1.30069
-0.310494
-0.425992
-0.58901
-0.23024
1.39234
0.882907
0.528409
0.770909
0.585616
1.83293
0.35249
0.36196
-0.514043
0.278245
0.478729
-1.28431
-0.161545
0.737944
0.820756
0.143169
-0.142687
-0.215588
-0.118884
-0.585609
-1.64745
-3.06396
-1.92773
-0.649461
-1.94876
0.0028143
-0.250005
-0.110703
0.187822
0.719436
0.653034
0.606827
1.27602
-0.626707
0.331149
-1.54756
-3.4582
-1.65994
-1.96648
-0.723572
-1.13091
-0.70359
0.117265
0.528586
0.885947
0.588253
-0.082692
-1.11827
-0.704983
-0.485072
-0.46972
-0.322422
-0.0717142
-0.0647825
-0.00248249
-0.274663
-0.259815
-0.308886
-0.329907
0.0531152
0.488209
0.772971
0.7948
1.33554
0.447958
-0.842227
-1.29746
-1.18342
-0.162491
-0.251523
-0.554543
-0.544328
0.239986
0.764205
0.44654
-0.199557
-1.22497
-1.53311
-1.56258
-0.802936
-0.229754
-0.961836
-0.125555
0.0741124
-0.356804
-0.51254
-0.642892
-0.781836
-0.355236
0.223061
0.832921
-0.133707
0.370597
0.302235
-0.565419
-0.71518
-0.634633
0.320579
-0.997589
0.118111
-0.077786
0.367336
0.194185
-0.0414434
-0.105913
0.141293
-0.319285
-0.68251
-0.553336
0.276718
-0.479946
-0.0855503
0.28456
0.0901912
-0.0849911
-0.38427
-0.506752
0.105148
0.530947
-0.427592
0.12464
1.01689
0.17862
-0.0469584
-0.95663
-0.849173
-0.847683
-0.333674
-0.860971
0.0957109
0.456457
0.841193
0.516984
-0.129022
-0.960291
-0.789813
-0.313001
0.608763
0.571628
0.348168
0.669623
-0.196364
-0.379131
-0.399444
-0.126103
0.521282
0.489432
0.415313
-0.267809
0.439163
1.20094
0.55053
0.284411
-0.00332595
0.22977
-0.349853
0.593927
-0.601412
-0.227535
0.115465
0.269331
-0.372928
-0.713203
-0.525382
-0.830128
-0.960045
-0.431642
0.220429
-0.529755
-0.214851
-0.0599802
-0.101995
-0.159583
-0.572033
-0.655855
-0.176099
0.157746
-0.900778
0.335952
-0.0209639
0.114397
-0.64048
0.0280629
-0.6995
-0.838635
-0.383314
0.468488
0.732751
0.502535
0.544416
0.161964
-0.271826
-0.462548
-0.0440885
0.498655
1.03236
1.57907
1.90565
1.20268
-0.582306
-1.02059
-0.770465
-0.114769
0.0991304
-0.339288
-0.644367
-0.283633
0.717397
2.20859
0.413021
0.640264
0.561931
-1.06334
0.0186756
-0.719681
1.66022
0.232224
0.456149
-0.706595
0.0497759
0.31399
-0.985271
-0.905416
-1.00121
-1.53378
-0.925019
-2.44004
-2.08029
0.259423
0.790479
0.892556
0.768596
1.09492
1.08034
1.04364
-0.0324262
0.486038
1.51174
0.626073
-0.352299
0.273735
0.0458627
-0.421166
-1.86046
-0.757878
-0.51809
-0.175835
0.46994
0.0275845
-0.563254
-0.993986
-1.06424
-1.14499
-1.14051
-0.464181
-0.104361
-0.10593
-0.653558
-0.425318
-0.747582
-0.352714
1.00638
1.27931
1.47337
1.67429
0.464067
0.981707
-0.566678
-0.883424
-0.353947
-0.141308
-0.119572
-0.0482714
-0.433391
-1.18419
-0.316893
0.491469
-0.376427
-0.811611
-0.364866
-0.80157
-1.25483
-1.30556
-0.64198
-0.559643
-0.347212
-0.740882
-0.588934
-0.742169
-0.204562
0.693942
0.813777
0.962258
1.45858
1.07714
1.27424
-0.194658
-0.739654
-0.605826
-0.191693
-0.408697
0.362679
-0.297541
0.0878969
0.110306
0.311627
0.0153123
-0.691613
-1.8587
-0.946732
-0.513616
-0.563271
0.203834
0.333492
-0.286609
-0.5472
-0.299966
-0.624189
-0.11278
0.338322
0.673004
0.823055
-0.0208143
0.887857
0.495259
-0.3739
-0.806629
-0.11924
-0.853684
-1.58199
-0.296735
-0.513078
-1.58572
-0.116638
0.61194
1.43297
2.26108
2.77717
1.90322
1.01373
0.467972
0.365858
0.872814
-0.0831215
-0.342809
-0.268141
-0.565283
-0.284957
0.421219
0.995818
1.26798
0.929698
-0.429931
-0.505479
0.0684682
-0.0434904
0.294701
-0.764923
-2.08577
0.14233
0.249746
-2.08753
-0.0315704
0.95153
-0.285942
-0.900515
-0.202748
-0.490679
-0.633375
-0.466712
0.138984
0.194655
-0.0695071
-0.685626
-0.636382
-0.988509
-1.05994
-0.80317
-0.21901
0.394205
0.832978
-0.824725
3.60323
0.439958
0.667787
0.688004
-1.28937
-1.06119
-0.421755
1.41821
-1.54239
0.446608
1.77505
1.40056
0.657085
-0.269111
0.321477
0.463773
-0.324942
0.0217982
-0.243731
-1.29497
-0.135412
-0.269466
-0.631203
-1.17364
-1.06269
0.601609
1.75974
-0.091815
-0.635684
1.56462
0.495101
1.36956
-0.388982
-0.511031
-0.684397
0.69588
0.613073
-0.526406
0.351561
2.85698
2.11032
0.908622
-0.174702
0.0661952
0.450522
0.581182
-0.188849
0.428164
0.0909904
-0.841602
-1.1119
-1.1904
-1.07744
0.522034
1.17939
1.43857
-0.484881
-1.03981
-0.134326
0.025143
1.00261
-0.113507
0.318048
0.500813
0.0636157
1.17224
0.0670631
0.674083
2.77763
2.10188
0.792912
-0.782166
0.0639978
0.441765
-0.0881587
-0.228484
0.255671
-0.102237
-0.446404
-0.879947
-1.11699
-0.891083
1.00928
1.66972
1.91909
-0.709997
-1.03301
1.21434
-0.295772
-0.100727
-1.09965
-0.0235142
-0.233108
0.0698796
0.173192
0.233348
0.521323
2.81907
1.7194
0.229257
-0.744782
-0.160334
0.129336
-0.0847852
-0.480573
0.247465
0.332161
-0.87119
-1.21515
-1.32968
-0.896355
1.19437
1.45393
1.535
-0.960718
-1.22393
-0.407196
-0.556494
-0.552655
-0.247797
0.714574
1.14771
0.0387026
0.785676
0.130886
0.193663
1.75699
1.46472
0.707273
-0.719505
0.167849
0.597845
0.102449
-0.619109
0.159494
-0.186778
-0.93622
-1.09082
-1.17527
-0.690755
1.20542
1.49391
1.5865
-0.618796
-0.319842
1.17545
-0.495152
-0.723032
-0.482715
0.737732
0.969536
0.666031
-0.405319
-0.364033
-0.217197
1.4072
-0.23627
-1.17045
-1.0706
-0.629554
-0.125454
0.00592253
-0.649883
-0.163908
0.0547346
-1.05101
-1.30012
-1.29492
-0.998403
0.513186
0.831302
0.939002
0.226845
-0.367344
0.773562
-0.0622109
0.134906
0.662432
1.30697
1.56116
0.559471
1.14052
-0.987625
-0.246231
0.717758
-0.203221
-0.660231
-0.137689
-0.380715
-0.666335
-0.908671
-1.1291
-1.11506
-0.578993
-0.496104
-0.550754
-0.842664
-0.801219
0.342477
1.29477
1.75397
0.41512
-0.237091
0.013594
-0.561551
-1.22781
-0.279256
0.551484
1.72148
1.2505
1.78186
-2.34162
-0.14504
0.453847
-1.26968
-2.08301
-0.247662
0.54142
0.749721
0.46393
-0.492886
-1.64863
-1.35119
0.575838
1.04278
0.766009
-0.113635
-2.12553
1.6195
4.22554
0.308072
-0.915468
-0.0795859
-3.06578
0.850222
-2.27996
0.415707
-0.332304
-0.781866
0.367209
-0.423961
-5.07068
1.83593
0.571614
0.181747
2.68116
1.03471
-0.413953
-0.710235
-0.475076
-1.831
-0.761661
-5.36361
-5.70548
-4.77459
-2.11774
0.353054
-0.190658
-0.646757
-0.741196
0.433656
-0.267798
-0.649979
-1.20455
2.38003
0.568175
0.42127
-2.30696
-0.367241
0.335255
0.86795
-0.527248
-0.934418
-1.30286
-1.57113
-0.783717
-0.420165
-0.607405
-0.46247
-0.160318
-0.198524
0.834447
0.67205
0.50799
-0.147602
-0.577793
-0.448224
-0.358062
-0.450325
-0.156176
0.147726
0.904435
-0.300594
0.488169
-0.0464601
0.271981
-1.08208
0.963926
1.58289
0.643963
0.263904
-0.319947
-0.527565
-0.257222
-0.515921
-0.603193
-0.398222
0.21565
2.99666
-0.258597
-1.99872
-1.97869
-2.21017
-1.44754
0.360087
-0.215566
-1.04275
-2.06249
0.451485
0.930505
0.456177
-1.66447
2.72514
0.571978
0.346924
0.319911
-0.42311
-2.21544
-1.11263
-1.11288
-0.335854
0.0740834
-0.181699
-0.0568341
0.207632
0.511504
-0.358315
-2.01221
0.400139
3.61956
4.08722
3.4889
2.25799
0.779607
0.745893
0.685711
-1.19646
-1.32662
-0.49436
0.21488
1.38348
-0.346265
0.289372
-0.369566
-0.610596
-0.918264
-0.588191
0.119622
0.444631
0.0882741
-0.0870569
0.201225
0.268417
0.441196
0.672036
0.0996081
0.578417
0.355272
-1.02049
-1.61849
-1.40911
-0.13219
1.70446
0.880227
0.088273
-0.216005
-0.0719509
0.468107
0.667412
-0.379253
0.893625
1.04379
0.581016
0.752377
0.307015
0.865195
0.28619
0.249669
0.138366
0.0197305
-0.0732748
-0.13943
-0.36509
-0.867629
-0.519543
-0.465468
-0.100091
0.228939
-0.203965
-0.221637
0.208407
1.2489
0.844637
0.140003
-1.38916
-0.602044
0.146042
0.338981
-1.02939
1.10776
1.24751
0.666868
1.18424
0.108348
0.541953
0.36284
-0.516439
0.324725
0.695742
-0.134848
0.200217
0.341638
-0.0602239
-0.338972
-0.0285025
-0.108184
0.0232612
-0.190557
-0.139253
0.48454
1.0178
0.712019
0.164025
-1.14076
-0.417352
0.26576
0.239413
-0.346559
1.23687
0.918911
0.137966
0.51487
-0.1053
0.392186
0.198416
-0.627502
-0.856405
-0.815499
-0.00938534
-0.0711578
-0.226597
-0.381033
-0.080041
-0.590272
-0.267522
0.233043
0.0475414
-0.0426137
0.547623
1.03636
0.60875
0.137699
-0.143814
0.114569
0.110151
1.28138
0.00804893
1.88151
0.749168
0.314458
-0.0630566
0.280403
0.312673
0.476157
-0.958634
-0.285161
0.315665
0.485365
0.481042
0.425902
0.13632
-0.0105989
-0.901335
-1.16835
0.305609
0.36575
0.20718
0.126547
-0.199733
0.214081
0.502039
-1.64672
-0.2502
-0.703279
0.426439
0.0680059
1.24531
0.272272
-0.390084
-0.0809115
0.208433
0.57409
0.49627
-0.57568
0.725122
1.40861
0.994653
1.80961
2.18186
1.26663
-0.0830843
0.361964
-0.500331
-0.242303
-0.339742
-0.273521
0.00586235
0.0452076
0.162439
0.235034
0.155914
1.77601
0.708693
-0.172039
-1.22125
2.73999
0.235531
-0.0599705
-0.468023
-0.764213
0.397952
0.259558
-0.635746
0.254146
0.696104
0.201638
0.542318
0.695139
0.217727
-0.606083
-0.655051
-0.97165
-0.0293585
-0.368261
-0.187455
-0.222936
-0.573111
-0.0728683
0.275232
-0.243685
-1.21567
-0.922417
-0.552548
0.388353
0.893359
0.0390597
-0.280404
-0.0494595
0.0191931
0.00759038
0.20353
-1.057
0.129964
0.93554
1.07644
1.4371
1.55101
0.747107
-0.242842
0.415101
-0.919924
-0.234559
-0.12734
0.0745364
0.151858
-0.569757
-0.122133
0.189352
-0.494167
0.289392
-0.677762
0.054275
0.524428
1.78582
1.23508
0.769822
-0.155987
0.190244
-0.622816
-0.155653
-0.766157
-0.109396
0.250594
0.0588442
-0.0890835
-0.113623
-0.136271
-0.71585
0.222208
0.261149
-0.564118
-0.931011
-1.1412
-0.726318
-0.568012
-0.548607
-0.542724
-1.03319
0.871422
0.545246
0.277076
0.203157
2.35436
1.33669
1.04764
1.02559
-0.312799
-0.401902
-0.309369
-0.430665
0.458619
0.878111
0.0777814
-0.0208369
-0.220825
-0.703747
-0.632839
-0.105907
-0.608691
-0.0544793
-0.186311
-0.659106
-1.36576
-2.94625
-1.86338
-0.448201
0.942022
8.09461
4.01319
-4.8378
1.41816
-0.103997
-0.0420824
5.28119
5.99037
0.00743049
-0.297213
-0.0637833
-1.03946
2.31677
3.34504
-3.44435
-1.2418
0.0881471
2.08836
8.27546
-0.864657
-1.20194
-4.15393
-0.316407
-0.066467
-0.41691
-1.94851
-1.03063
-0.391919
-1.48964
1.00543
-1.50522
-2.66036
-2.57309
-3.14924
-4.34928
-2.03149
-2.30185
0.139553
-1.1478
-0.590594
-1.24568
1.37505
3.52309
4.32552
6.12822
7.30872
6.27388
0.853787
4.08267
2.97414
2.14899
1.89372
1.8014
1.33663
0.0474951
0.166041
0.448621
3.77491
-2.56928
-1.45052
-0.18988
-0.841319
-0.736876
-1.72403
0.256098
-0.25982
1.74877
-0.540156
0.141165
-0.555836
-0.309461
0.228428
1.16579
1.40174
1.41815
0.652153
-0.449591
-0.686007
-0.824004
0.744332
1.08803
0.736253
0.130745
-0.770833
0.293072
1.03341
0.55714
0.747761
-0.15045
-1.68817
0.584609
0.354762
0.588219
0.0464874
-0.341289
1.25545
-0.0988013
-0.742832
0.150918
0.238046
0.44376
1.04243
0.472922
0.195501
0.134369
-0.360349
0.120252
-0.238632
-1.91902
-2.07984
-2.10364
-2.03563
-2.22229
-1.15623
-0.18986
0.111771
0.934432
-1.53245
0.937952
-1.1946
1.01757
0.990993
0.00208319
0.377549
-1.70662
-2.16339
-0.420146
0.0286795
0.276521
0.60998
1.01028
0.687287
0.585385
0.753397
0.206385
1.16726
0.931614
0.104896
0.285978
-0.315924
-0.61696
-0.551906
-0.335852
-0.196697
-1.15674
0.146394
-0.59277
0.302087
0.232915
0.794561
1.02841
0.351963
0.849831
-0.42388
-0.870226
0.198427
0.686024
0.406268
0.128521
-0.0509884
-0.523221
-0.694813
-0.408294
-0.186841
0.152856
0.283577
0.0238651
0.0470785
-0.408525
-0.866794
-0.946671
0.216058
1.02516
0.916004
-0.148424
-2.38533
-0.634797
-0.497888
0.741882
1.245
1.07649
2.33455
-0.214155
-1.19872
0.153626
0.692708
0.405454
0.458663
2.11881
1.43302
0.394438
-0.32685
-0.0907892
-0.888008
-0.450098
0.432763
1.39535
0.889155
-0.602577
-1.81637
0.345227
1.84941
-0.425143
-0.913719
-0.55027
-1.66281
0.685493
-0.856255
1.80811
-0.17156
-0.2856
-0.626419
-1.30658
-0.612291
1.01544
-0.115768
-0.732216
-0.355444
-0.0942353
0.0861005
-0.0192968
-0.556384
1.51118
1.17595
-2.42648
-2.56337
-2.18186
-1.23018
-0.0552384
-0.0546469
-0.0544852
-0.137377
1.42019
1.3736
0.887891
-1.10233
0.568308
0.631784
1.4592
-0.592275
1.41459
0.908799
0.681505
0.54176
1.90813
2.53818
1.26463
1.18481
0.961155
-0.246468
-0.789453
0.108247
-1.30287
-0.898193
-0.757532
-0.796203
-0.771198
-0.438068
-0.225995
0.15588
2.15977
0.0844578
-0.362469
0.250469
-2.5324
-0.628325
-1.58834
1.09465
-0.901512
-0.486494
0.242058
0.37153
0.645329
-0.792521
-1.42192
0.0432257
-0.400499
-0.705807
-0.821581
-0.879406
-0.458367
-0.515519
-0.0270809
-0.440907
-0.59003
-0.236514
0.587891
0.0787753
-0.275499
2.04129
1.26824
-0.202864
-0.459179
-1.40247
-0.66745
-0.426232
1.51067
-0.854477
0.0315746
-0.0778372
0.352774
-0.154744
0.271001
0.500049
0.297574
0.141332
-0.172159
-0.844697
-1.04761
-1.20789
-1.34983
0.26092
0.217169
-0.0129487
-0.371428
-0.136743
-0.0394287
-0.000969035
-0.123105
1.15086
1.30398
-0.0845196
-0.911693
-1.04373
-1.39754
0.634736
-0.529801
-0.740837
0.18659
0.535316
0.975947
-0.0443612
-0.609517
-0.479299
-0.537986
-0.578946
-0.506339
-0.177264
-0.754913
-0.961247
0.0808608
-0.0844032
-0.40326
-0.779677
-0.87452
-0.60035
-0.109637
1.06055
1.3476
-0.244465
1.02281
-0.595024
0.0478838
-1.0949
0.697939
-1.4379
-0.180732
0.441979
0.588651
0.425274
0.391664
0.396419
0.492371
0.285196
-0.0387393
-0.298023
-0.32072
-1.21868
-1.76095
0.276218
0.310029
0.0867328
-0.613437
-0.748796
-0.401422
0.15732
1.10377
0.990574
0.505883
0.487036
-1.24114
-0.866117
-1.58963
0.274528
-1.35416
-1.48274
0.748509
0.626334
1.22898
0.742791
0.0944022
-0.335908
-0.341686
-0.362337
-0.520772
-0.641752
-0.648747
-0.843166
-0.0725385
0.00157511
-0.228892
-0.364262
-0.159366
-0.160335
-0.161009
1.81962
1.54649
0.8401
0.534082
-1.51408
0.138928
-0.996777
0.367779
-1.09624
-0.0348847
0.611955
0.500404
0.18168
-0.208271
-0.341444
-0.151603
-0.273032
-0.642658
-1.29269
-0.993382
-1.76716
-2.23122
0.220632
0.467624
0.309268
-0.684757
-1.44193
-0.596594
0.307738
0.803117
0.356606
0.122684
0.243681
-1.78286
-0.808352
-0.328267
0.781184
0.46239
-1.33601
-0.66575
0.00300216
0.21659
-0.274553
-0.460359
0.230006
-0.601709
-1.00615
-0.738376
-0.322565
-0.0124973
0.199768
0.0360175
0.0265284
-0.240881
-0.561153
-0.641959
-0.628072
-0.593302
0.317481
0.922231
-0.191478
0.08332
-1.06882
-0.540579
0.0338532
1.5929
-0.399531
0.214483
-0.147984
0.461845
0.59725
0.269924
0.00238376
-0.105382
-0.461589
-1.06093
-1.52379
-0.893325
-1.06899
-0.598606
0.176348
0.230442
-0.220995
-0.769186
-1.07211
-0.428877
0.0187227
-0.0105972
-0.0422682
0.176381
-0.00984859
-0.752679
-0.852704
0.438157
0.573331
-0.079551
-1.08212
1.61446
1.07372
1.47459
0.831528
-0.226399
-1.22294
-1.13711
-0.775625
0.0133157
-0.39424
1.09544
0.106083
-1.77878
-2.08583
-0.977409
-0.170434
0.13949
0.389364
0.728334
1.46989
-1.43888
-3.66023
-2.04037
-1.17523
1.17347
1.43195
0.332826
-0.392248
0.295767
-1.11473
-0.568827
1.25793
0.706298
1.01553
5.69696
2.29984
-0.101966
-0.452726
-0.773672
-2.73756
-0.224565
-0.323984
0.284608
0.113941
-0.00693387
-0.130105
0.635779
1.16873
0.421891
-2.49189
-0.328163
-2.70111
1.49922
-0.625628
1.44654
-0.262296
-1.06814
-2.09774
-2.09936
-1.07934
0.036903
-0.705942
-1.06281
-0.506537
-0.482944
-0.350702
0.0361189
-0.801405
-0.750154
-0.0307149
-2.56182
-2.72622
-2.9119
-2.40771
-0.530117
0.450019
0.862603
0.828262
0.0332064
0.240143
-0.382154
-0.431109
-0.0515928
0.261919
0.72336
-0.148082
-0.600784
-0.642712
-0.459913
-0.0772604
-1.16248
-1.68881
-0.904952
-0.862615
-0.644889
0.00751304
-0.531254
-0.105117
0.165842
-0.719957
-0.441489
-0.437997
-0.180919
0.176552
0.246535
0.269635
-0.0751208
0.65789
-0.069406
-0.4961
0.0986129
1.29969
1.25973
2.2196
-0.352495
0.727886
-0.868105
-0.29892
-0.107557
-0.410916
-0.556369
-0.368897
-0.882639
-1.13862
-0.964158
-0.808481
-1.93148
-1.15742
-0.691512
-0.413792
-0.732075
-0.628089
-0.0134024
0.678911
1.04155
0.76958
-0.195458
-0.2469
0.366732
-1.27143
0.272452
0.214472
0.99712
-0.692343
0.276483
-0.252389
-0.232736
0.620012
0.0630638
-0.199894
0.211149
-0.0879057
-0.216401
-0.119209
-0.487461
-0.470186
0.459172
-1.20816
-1.03601
-1.45854
-0.736007
0.492211
0.527622
0.53761
-0.575601
0.506221
0.339425
-0.0863802
-0.314102
0.915569
1.98687
1.51131
0.491833
-0.608103
-1.19092
-0.304501
0.481641
0.378747
0.23704
0.0623447
-0.34597
-0.591638
-0.581992
-0.453939
-0.888177
-0.619757
-0.979822
-0.763502
-1.11789
-1.11951
-0.0644461
0.0241457
0.0507036
-0.974865
0.874896
-0.450784
-0.104899
-0.955893
0.550949
0.761781
0.522658
-0.0369061
-0.882345
0.362139
0.133947
0.307615
0.335109
0.246015
-0.46816
0.13197
0.365377
0.00688754
0.0853231
0.00485705
-0.151879
-0.372858
-0.365535
-0.377981
-0.156323
-0.00650462
-0.619414
-1.27094
-1.62018
0.0319017
-1.58693
0.0892705
-0.517421
-0.271146
0.576382
-0.139395
-0.645052
-0.751393
1.5749
0.128416
-1.17178
0.330448
1.11972
0.64537
1.66164
2.01069
0.896491
0.663884
0.661448
0.921823
0.237307
0.137454
0.450276
0.323668
-0.9213
-1.59634
-1.88381
0.553008
0.409305
0.17999
0.853341
0.849981
1.2521
0.714399
-0.187317
0.0314065
-0.0236223
0.436194
-1.34355
-3.83066
0.105534
2.24946
1.48212
2.03258
1.85809
-0.436117
-0.280726
-2.40926
-1.80969
2.17496
2.8157
2.94692
1.79072
-0.344155
-0.0639732
0.184468
0.254763
0.469534
1.30727
0.71283
1.04887
0.336843
1.21666
0.913946
2.24629
-0.995568
0.308641
0.225068
-1.2406
-1.00861
-0.852916
-0.866809
-1.40084
-1.71132
-1.41608
-0.318878
-1.8871
-0.622314
0.745017
0.8833
0.610318
0.240388
-0.696424
-0.280524
0.00888504
-0.132849
1.06814
-1.19474
0.100386
0.213639
1.09004
0.738945
0.512504
0.768725
0.715186
0.978288
0.557573
-1.59148
-0.37916
0.381957
0.401425
-0.0464737
-0.463441
-0.420203
0.186103
-0.960984
-0.546015
0.555441
0.640757
0.449265
0.148597
-0.38287
-0.00490869
0.258101
-0.290262
-0.869938
-0.504788
0.848491
-0.266947
1.24166
1.49572
0.660807
-0.45228
-0.773454
0.630231
0.564246
-0.859142
-0.239813
0.0802661
-0.173195
-0.0574802
-0.0207292
-0.0458711
0.335638
0.3151
0.854371
0.258249
0.251558
-0.0367573
-0.193912
-0.762703
-0.303579
0.0159087
-1.16132
0.451267
-0.400636
-0.146874
0.218494
1.69913
2.10166
0.847536
1.4561
0.0787904
-0.727542
-0.556076
-0.80086
0.0971705
0.97948
1.29436
1.28191
1.18561
0.482565
0.151137
0.245082
-0.11132
-0.102292
0.145905
0.0482789
-0.212613
-0.659172
0.0554034
0.55265
0.332327
1.71515
-0.591932
-0.237423
0.423519
2.02033
2.39507
-0.856092
0.108119
0.653877
0.0237065
0.0559805
0.125834
-0.491867
-0.808235
-0.38912
-0.218713
0.055122
0.339633
0.238502
0.732392
-0.712324
-0.428137
-0.652417
-0.536516
-0.845612
-1.57522
-0.585095
0.142793
0.185037
-0.909447
-2.09666
0.387379
0.896382
0.513992
-1.15207
-1.71118
-0.423288
-1.90339
-0.628599
0.127145
0.733233
-0.0558911
-0.417955
0.707033
1.51562
1.84786
1.57397
0.584265
2.50905
1.27841
0.452378
0.466807
0.461618
0.239241
-0.288303
-0.526172
-0.621516
-0.569883
0.330665
-0.232551
1.10815
1.52711
1.63849
-0.73226
-0.410987
-0.358845
-0.913116
-0.332452
0.275582
0.582779
0.344342
0.260351
0.640439
0.173452
0.0224588
0.381082
0.145322
0.703143
-0.467382
0.482324
0.176325
0.0296182
-0.642882
-1.21848
-0.919646
-0.571319
-0.326642
-0.34122
-1.17142
1.11026
1.81141
0.0674886
0.0537913
0.47377
1.9809
-0.152212
0.390902
0.620666
0.486019
-0.419998
-0.878101
-0.657983
-0.772221
-0.619265
0.579717
0.941725
1.84321
0.768946
0.55168
0.0814079
-0.0446584
-0.428711
-0.871238
-1.39324
-1.66186
-0.68022
0.466523
-0.552493
0.418819
2.46919
0.616235
-0.00881144
-0.375029
0.325606
-0.696402
-2.72779
-1.70845
-0.545998
-0.64017
-0.652904
-0.252224
-0.176001
-0.0408594
0.486302
0.872589
0.082937
0.905025
2.9445
2.97875
2.37669
0.857718
-0.189178
0.178351
0.434101
-1.03964
-0.677769
-2.17154
-0.270501
1.49832
-0.145991
0.300261
0.163702
0.902324
0.32285
0.580858
0.509545
0.690448
0.688708
0.669625
0.566698
0.802853
1.12971
1.18525
0.529665
1.07598
0.878461
0.60622
0.207326
0.278948
0.0533257
-0.114538
-0.18023
-0.204803
0.137895
0.127834
-0.661022
-0.19249
0.50879
0.706809
0.28176
0.389446
0.738746
-0.751762
0.0763582
0.402988
-0.119097
-0.44309
-0.464418
0.220524
0.0515259
0.0142081
0.228864
0.0347026
0.0719332
0.230867
0.665486
0.502208
0.301798
0.117512
0.132988
0.0218552
-0.140023
-0.34705
0.176634
-1.92814
-0.222111
-0.116167
0.867922
0.272572
0.586153
0.943755
-0.110244
0.0557501
0.197461
-0.243705
0.0522296
0.200694
0.062624
0.470073
0.788219
0.797349
0.481078
0.443612
0.311501
0.215835
0.0714585
0.00665516
-0.053985
0.113951
-0.132147
-0.303398
-0.262636
0.376194
-1.29939
0.351176
0.439699
0.429193
0.125276
0.81803
0.908861
0.191165
-0.167551
0.19738
0.322588
-0.354881
-0.6627
-0.0694036
-0.441371
-0.56505
0.0931073
0.345237
0.00402767
0.0386504
0.306498
0.295328
-0.0299901
-0.180596
-0.0554312
-0.253627
-0.391545
-0.156195
0.0518492
-0.400358
0.847953
0.217589
0.0274249
0.148038
0.273721
0.67527
-0.0195455
-0.571472
0.283346
0.498111
0.948276
1.07177
0.37534
0.261137
0.323836
0.736998
0.483977
0.937907
1.19339
0.432408
0.625918
0.224707
-0.117907
-0.33805
-0.0360438
0.34511
0.676993
-0.32377
0.031931
0.773181
0.473081
-0.460284
-0.152701
-0.136721
-0.849965
-1.34955
-1.1278
0.660593
0.380232
-0.531745
-0.963384
-0.581543
-0.048879
0.529259
0.769057
0.330636
0.854563
0.853542
1.165
1.90301
3.33309
2.75015
0.541821
3.52343
5.59823
-0.636901
0.501748
-1.20812
-6.59404
-0.435309
-0.581868
-1.74585
-7.33689
-3.76113
-0.334658
-0.0135126
-6.91861
1.01983
0.355195
0.0579164
0.676323
0.305359
0.316341
1.2597
0.682565
0.691547
0.152088
-2.52183
-2.72549
-2.29126
-0.154572
0.84571
0.587566
0.215798
-0.256023
-1.58532
1.45285
-0.312531
1.87359
-3.80073
-0.894612
0.452215
0.535587
0.326078
-0.380627
0.635785
-0.169037
-1.17935
-1.4484
-0.251726
-0.222623
-0.0775922
0.48283
0.387494
0.0821262
0.452322
-1.02966
-0.826093
-0.915966
-0.426517
-0.158124
0.0170069
0.0914991
-0.320703
-0.497753
0.45359
-0.0914656
0.273774
-1.61179
0.114546
0.562749
0.134302
1.84637
-0.780367
-0.135429
-0.169166
-0.403733
-0.427969
0.344437
-0.0924808
-0.348665
-0.546802
-0.853848
1.08984
0.474357
-0.821463
-0.186049
0.00272658
-0.00693667
0.111334
-0.189076
-0.39812
1.57985
-1.25155
0.842558
0.121082
-0.45357
-1.77544
-0.41822
-0.324207
-1.95714
0.460552
0.399476
0.656141
0.433261
-0.874343
-1.46815
-0.697527
-1.05721
-1.07802
-0.293622
-0.52735
0.150844
0.1403
-0.335958
-0.142411
0.193025
0.155143
0.0729619
-0.399081
-0.718666
2.34205
-0.667292
0.125352
0.99532
-1.13702
-0.323034
-1.10066
-0.840539
-0.842053
1.33249
0.0381134
-0.00347691
-0.121614
-0.405103
-0.421555
0.585455
0.706159
0.6989
0.126247
-0.377472
0.082014
-0.675616
-0.0342725
-0.251526
-0.231353
-0.0142898
0.229505
0.200332
0.180032
2.27158
-0.971877
-0.566016
0.19236
-0.462896
-1.00998
-1.30293
-0.222919
-0.433966
1.33725
0.523773
0.558764
0.771109
-0.125721
-0.427066
1.16204
0.252259
-0.16805
0.00745956
-0.553252
-0.919012
-0.108496
0.148813
0.0290259
-0.0925283
0.500189
1.12574
0.447885
-0.0238103
2.19516
-1.12064
-0.899663
-0.144843
0.855814
-1.11824
-0.665609
0.133733
-0.439486
1.47775
-0.858314
0.0703302
0.574769
-0.252827
-0.632518
0.0664134
-0.339262
-0.518386
-0.568155
-1.18413
-0.0842027
-0.295735
0.429067
-0.177377
-0.835471
-0.235944
1.29425
0.0912043
-0.745953
-0.275032
-1.08446
-0.300139
0.262153
-0.0273029
-1.23739
-1.33026
-0.290558
-0.95705
0.289575
-0.132907
0.576829
1.28259
0.00488948
-0.704589
-0.555525
-0.633167
-0.515619
0.163524
-0.4019
0.43089
0.442988
0.0277171
-0.0782701
-0.274991
0.145471
2.10008
0.789984
-0.121666
1.39447
-0.302995
-0.177522
0.412454
-0.157607
-0.855458
-1.05094
0.235806
-1.07815
0.115473
0.813534
0.929676
1.71496
0.688432
0.139847
0.409098
0.0270561
-0.175663
-0.194119
-0.520423
-1.22502
-0.775977
-0.244784
-0.671752
-0.592975
-0.0270695
1.42651
-0.163751
-1.27035
-0.971507
-0.660164
-1.01423
-0.67789
-1.5589
1.43093
0.450484
-1.38912
0.772193
-1.00146
0.338112
-0.695302
0.470865
0.530914
0.476416
-0.0385842
0.194243
0.362667
0.362733
0.326493
1.29127
2.21177
2.64754
2.43986
2.76056
2.19341
0.991386
0.57205
0.17536
-0.390597
-0.577944
-0.234659
-0.199883
0.639944
-2.23486
0.286671
0.0277466
0.637947
-0.718722
0.217458
0.822801
1.15668
0.50514
-0.159974
-0.461201
-0.566795
-0.560705
-0.404812
-0.298685
0.550776
-0.0122764
-0.996977
-1.15848
-0.978928
-0.0763724
2.03194
0.246731
-0.99553
-0.501233
-0.550539
-0.42656
0.157546
-0.701455
-0.79007
0.238211
-0.762267
-0.676719
-1.32541
-0.412592
0.164321
0.0130507
-0.0335225
-0.0190466
0.255193
0.338049
0.279827
-0.127522
0.014909
0.13612
0.561169
1.16854
1.15568
1.47497
1.5066
1.49792
0.051712
-0.954648
-0.562864
-0.365756
0.301098
0.151632
-1.68391
-0.100869
-0.158213
-0.696431
-0.255263
-0.483325
0.82893
0.463974
0.0182598
-0.22827
-0.261553
0.0968703
0.0867932
-0.0512223
-0.479332
0.272539
-0.042685
0.40753
1.32601
1.13676
1.26792
1.44328
1.67207
0.2589
-0.747999
-0.773651
-0.818935
-0.240902
1.32753
-0.600817
-0.0823065
0.762156
0.575621
0.241015
1.90433
3.70611
1.46333
-0.0529467
1.57447
2.32662
0.753728
0.589485
0.220682
-0.452314
0.204178
0.27768
-0.633292
-0.942577
-1.01855
-0.625532
-0.022436
0.510769
-0.334718
-1.263
-1.81228
-0.790651
0.0957779
0.0536126
-0.832278
-0.654594
-0.408639
-0.982016
-0.345835
0.0305452
1.90539
0.0642742
-1.82635
-0.800963
-0.233743
-0.331144
0.447736
0.768382
0.401266
0.368073
-0.0945475
1.39271
1.685
1.33829
1.73183
1.79271
0.176365
-1.01236
-1.56544
0.0397957
0.357508
1.54087
0.285458
1.2567
-0.556695
-0.225203
-0.123278
-0.122686
0.909209
2.72512
0.595603
-2.13188
-0.899924
-0.211894
-0.436633
-0.681251
-0.80646
-0.675882
-0.201573
-1.21896
-0.742808
0.603398
0.990451
1.76722
1.95053
0.892109
-0.199086
-1.00372
-1.34627
-1.0331
-0.5158
-0.487782
1.74982
-0.355512
0.0638753
-0.405724
0.156202
1.23139
2.12358
0.523511
-2.09775
-0.693831
0.0900887
-0.0409349
0.0567181
0.384219
0.888904
0.0504256
0.378548
-0.199599
-0.0432601
-0.082996
0.595541
0.982487
0.298518
-0.411769
-0.775929
0.751154
-0.460513
-0.577912
0.306538
-0.10055
0.340779
-1.14919
0.0363711
-0.342326
1.41456
2.31853
0.68121
-1.3224
-0.250977
0.720945
0.972384
0.313344
-0.0658518
-0.0203845
0.0443239
-1.00416
-0.207459
0.627668
0.760497
1.2183
1.62513
0.715914
-0.4937
-1.1543
-1.02285
-0.233983
-0.617282
1.03735
1.25015
-0.238748
0.652026
0.120459
0.997573
-0.498799
-1.25952
-1.45204
-1.79024
-0.246352
0.601159
0.340467
0.351995
0.337213
0.152785
0.230535
1.1582
1.06882
-0.120182
-0.076356
0.181681
0.185649
0.249311
-0.667259
-1.30507
-0.453996
-0.0128007
0.10127
0.685948
0.82465
-0.398168
0.398398
-0.398962
1.39657
-0.479552
-0.0172996
-0.170786
-0.893273
-0.589839
-0.423969
-0.587264
-1.06898
-1.21311
-0.421349
0.0499145
0.349426
1.52397
0.772989
0.619983
0.762229
0.847205
0.125319
-0.840809
-1.36919
-0.372432
-0.367918
0.0900054
0.485149
0.440411
-0.064827
0.925263
-0.049701
1.80228
0.447251
0.0370461
-0.260695
-1.06697
-0.0631147
0.40078
-0.440365
-0.304056
-0.287564
-0.450433
0.111309
0.225985
0.736957
0.768292
0.710304
0.861856
0.348719
-0.889246
-0.951167
-0.969066
0.251678
0.959141
1.32761
0.476809
-0.173261
-0.615415
0.222342
-0.362142
1.46893
0.251842
0.39668
0.263593
-0.329952
-0.742018
-0.735356
0.388719
-0.490204
-0.92892
-0.550926
0.453591
-0.148493
0.655021
0.754157
0.490786
0.761598
-0.103601
-1.24067
-1.34117
-1.37124
-0.185334
-0.840146
-1.90816
1.43768
0.527641
0.104261
-0.107798
-0.365208
0.033995
1.52216
0.523283
0.164476
-0.378688
-0.111677
0.119588
0.165407
-0.102335
-0.224915
0.0458145
0.335878
-0.589096
-0.519111
0.936596
0.846911
1.0763
0.219781
-0.917735
-0.832734
-0.76516
-0.754944
-0.417048
0.0734981
1.02661
0.662832
-0.432514
-0.63678
-1.10211
-0.587473
-0.000438821
1.09057
0.448292
0.107319
-0.0485524
-0.292232
-0.659006
-0.262938
0.371205
0.82557
0.569007
1.9345
2.27189
0.434014
0.271804
0.413014
0.286751
-0.378362
-0.83345
-1.04079
-0.866211
1.02892
0.844759
0.584752
0.753048
-0.078357
0.766611
0.27088
1.54928
-0.287649
-0.302539
-0.175743
-0.270346
-0.221849
-0.213468
-0.444705
-0.586889
-0.596597
-0.131392
0.189258
0.0748213
0.764136
0.738869
0.534944
0.807511
0.338534
-0.454256
-0.992213
-1.23182
-0.768872
-0.30907
0.0984198
0.282938
1.31053
-0.13305
0.0820898
0.0531321
0.131615
1.02416
0.985776
0.66489
-0.190551
0.171836
0.315619
-0.170679
-0.0564713
0.211048
0.732802
0.803473
0.334502
0.172549
0.402727
0.198977
0.405549
0.261227
-0.53036
-0.881424
-1.02272
0.732937
-1.05069
0.260556
1.31281
0.0176757
-0.00931954
-1.14613
-0.697469
-0.644524
-0.589616
0.235251
0.264114
-0.137352
0.0574319
0.463306
1.26923
1.87548
1.96769
0.623272
-0.10402
0.643115
-1.15385
-0.429092
-0.138918
-0.0493479
-0.342019
-0.980765
-0.942091
-0.852659
-0.0744998
-1.51505
-0.783802
0.046384
0.22678
-1.03481
-2.0103
-0.457298
-0.523375
-0.80354
0.784882
0.366065
-0.418622
0.264813
0.526794
-0.447909
0.0427957
0.732651
0.998535
0.0330576
0.520771
0.646697
-0.0808473
-0.276484
0.369949
0.226374
-0.882176
-1.5971
-1.91724
0.856383
-0.673481
1.7321
-0.15311
0.443587
-1.1339
-1.21521
0.373831
0.117109
0.667175
0.231241
-0.759327
-1.43136
-1.07737
-0.674782
-0.479431
-0.494289
-0.650127
-1.17674
-0.532385
-0.51908
-0.541868
-0.00338997
-0.0671283
0.173694
-0.160098
-1.23612
-1.77977
-2.00595
0.938893
0.549859
1.99323
-0.238455
0.333965
-0.349517
-1.52464
0.16157
-1.40083
1.74361
0.137796
-1.08045
-1.78265
-0.502649
0.208282
-0.00946504
-0.0835312
-0.223563
-0.378145
-0.279255
-1.14464
-0.579269
1.31995
1.33514
1.76523
1.25681
-0.268565
-0.268565
