0.166326
0.135474
0.0816601
0.0131889
-0.0590109
-0.123219
-0.168899
-0.18848
-0.178636
-0.140844
-0.0811398
-0.00910942
0.0637073
0.125722
0.167191
0.181787
0.16758
0.127287
0.0677528
-0.00123169
-0.0685632
-0.123639
-0.158044
-0.166834
-0.149232
-0.108629
-0.0519185
0.0116989
0.0722371
0.120507
0.149507
0.155409
0.138008
0.10058
0.0492217
-0.00820288
-0.0633172
-0.10848
-0.137831
-0.148003
-0.138403
-0.111083
-0.070251
-0.0215334
0.0288631
0.074964
0.111701
0.135378
0.143904
0.13682
0.115157
0.081197
0.0381959
-0.00989676
-0.0586993
-0.103648
-0.140264
-0.164448
-0.172847
-0.163241
-0.134958
-0.0892165
-0.0293226
0.0393495
0.109675
0.173407
0.222083
0.248128
0.246003
0.213229
0.151106
0.0649639
-0.036148
-0.140349
-0.234324
-0.305062
-0.341698
-0.337193
-0.289586
-0.202588
-0.0854052
0.048241
0.181789
0.297988
0.381237
0.419765
0.407342
0.344253
0.237388
0.0994102
-0.0528709
-0.200706
-0.325871
-0.413049
-0.451784
-0.437755
-0.3732
-0.266463
-0.130751
0.0176852
0.161679
0.285276
0.375571
0.424042
0.427225
0.386732
0.30864
0.202444
0.0797256
-0.047217
-0.166626
-0.268282
-0.344173
-0.388849
-0.399504
-0.375865
-0.319997
-0.236068
-0.130136
-0.00992746
0.115424
0.235749
0.340388
0.418945
0.462245
0.463411
0.418945
0.329639
0.201125
0.0439001
-0.127277
-0.294648
-0.43929
-0.543348
-0.592369
-0.577436
-0.496762
-0.356452
-0.170278
0.0416189
0.254953
0.444227
0.585976
0.661897
0.661411
0.583276
0.435989
0.236889
0.0100335
-0.216861
-0.416018
-0.563236
-0.641063
-0.641051
-0.564781
-0.423526
-0.236589
-0.0285885
0.17394
0.346116
0.467963
0.526884
0.519033
0.449428
0.33083
0.181603
0.0228937
-0.124416
-0.242552
-0.319073
-0.34819
-0.331046
-0.274981
-0.191945
-0.096373
-0.00286582
0.0759585
0.131121
0.158242
0.157703
0.134069
0.0949115
0.0492726
0.00605979
-0.0273817
-0.0462976
-0.0490296
-0.0369653
-0.0139986
0.0143616
0.0420536
0.0635016
0.0744698
0.0726134
0.0576803
0.0313762
-0.0030341
-0.0412882
-0.0787378
-0.110913
-0.133972
-0.145008
-0.142217
-0.124975
-0.0938361
-0.0505237
0.00210149
0.0600934
0.118535
0.171764
0.213748
0.238639
0.241474
0.218963
0.17025
0.0974928
0.00613837
-0.0952509
-0.195667
-0.282811
-0.34463
-0.371031
-0.355538
-0.2966
-0.198306
-0.0703338
0.0729556
0.214189
0.335238
0.419744
0.455531
0.436528
0.36388
0.246011
0.0976251
-0.0622753
-0.213045
-0.335341
-0.413894
-0.439672
-0.411094
-0.334097
-0.221052
-0.0887167
0.0444294
0.161032
0.247408
0.295384
0.303144
0.274979
0.22002
0.150236
0.0780777
0.0142096
-0.034234
-0.0645787
-0.0785705
-0.081416
-0.0801289
-0.0815465
-0.0904456
-0.108165
-0.132043
-0.155816
-0.170915
-0.168431
-0.141334
-0.0865093
-0.00613945
0.0918988
0.194781
0.286572
0.350868
0.373796
0.346825
0.268821
0.146944
-0.00389563
-0.162985
-0.306902
-0.413275
-0.464551
-0.451136
-0.373305
-0.24152
-0.075021
0.101105
0.259928
0.377079
0.434813
0.425011
0.350593
0.225059
0.0702236
-0.0874992
-0.22162
-0.310131
-0.339302
-0.306032
-0.218342
-0.0939071
0.0431332
0.166529
0.252671
0.284897
0.256581
0.172443
0.0478151
-0.0940083
-0.225903
-0.321802
-0.361472
-0.334333
-0.241625
-0.0965063
0.0779494
0.252555
0.396953
0.484866
0.498728
0.432904
0.294913
0.104425
-0.109808
-0.314587
-0.477681
-0.573115
-0.585432
-0.51221
-0.364437
-0.164661
0.0567204
0.266422
0.433621
0.534803
0.557304
0.500989
0.37783
0.209508
0.0235155
-0.151555
-0.290683
-0.376282
-0.400609
-0.366364
-0.285475
-0.176343
-0.0601261
0.043235
0.118506
0.157554
0.160248
0.133767
0.0905153
0.0451074
0.0110441
-0.00224278
0.00860448
0.0402064
0.0832468
0.124568
0.150133
0.148256
0.112434
0.0432113
-0.0513643
-0.156796
-0.254574
-0.325549
-0.353633
-0.329111
-0.250925
-0.127445
0.024465
0.181995
0.320121
0.41589
0.452492
0.422373
0.328811
0.185618
0.0150022
-0.156091
-0.300513
-0.395546
-0.426803
-0.390697
-0.295027
-0.15756
-0.00285277
0.142133
0.25283
0.311416
0.309934
0.251601
0.150067
0.0267539
-0.0932445
-0.185938
-0.233019
-0.225377
-0.164888
-0.064117
0.0560231
0.170253
0.253813
0.287343
0.260832
0.175875
0.0457523
-0.106706
-0.253157
-0.364943
-0.418524
-0.400125
-0.308709
-0.156672
0.031933
0.225377
0.389778
0.495184
0.521117
0.460541
0.321501
0.126071
-0.0932648
-0.299179
-0.456065
-0.536416
-0.525857
-0.425891
-0.25384
-0.0399129
0.17808
0.361457
0.477634
0.506062
0.442042
0.297688
0.0998364
-0.114766
-0.306137
-0.438393
-0.486417
-0.440604
-0.308805
-0.115064
0.104651
0.30899
0.458839
0.524629
0.491993
0.364683
0.164181
-0.0739724
-0.306506
-0.490271
-0.590191
-0.58586
-0.475539
-0.276786
-0.0235717
0.239657
0.465905
0.614121
0.656717
0.584716
0.409583
0.161354
-0.116613
-0.375345
-0.569032
-0.663281
-0.641351
-0.507209
-0.28485
-0.0139919
0.257087
0.48026
0.616227
0.641578
0.55294
0.367477
0.119631
-0.145258
-0.379302
-0.540815
-0.601867
-0.553259
-0.405993
-0.189005
0.0564049
0.284388
0.453141
0.532658
0.510213
0.392533
0.204295
-0.0167697
-0.227206
-0.386215
-0.46348
-0.444952
-0.335497
-0.157906
0.0515619
0.250228
0.39732
0.461966
0.429329
0.3037
0.107933
-0.120704
-0.337494
-0.498764
-0.570299
-0.534092
-0.392132
-0.166485
0.104389
0.372431
0.588667
0.712178
0.717709
0.600501
0.377446
0.0843275
-0.230354
-0.51387
-0.718518
-0.809973
-0.773238
-0.615125
-0.362864
-0.0591065
0.245708
0.502238
0.670745
0.7277
0.669349
0.511643
0.286663
0.0362606
-0.195824
-0.371891
-0.466782
-0.471797
-0.395378
-0.260547
-0.0996743
0.0523124
0.164947
0.21809
0.205533
0.1357
0.0293738
-0.0850428
-0.177725
-0.223835
-0.208846
-0.13172
-0.00531695
0.146047
0.291396
0.399308
0.444297
0.412121
0.302951
0.13177
-0.0741005
-0.27989
-0.449755
-0.553429
-0.571891
-0.500956
-0.352118
-0.150481
0.0698259
0.271876
0.422643
0.498911
0.491282
0.405574
0.261345
0.0878973
-0.0814862
-0.215922
-0.29272
-0.301486
-0.245764
-0.141954
-0.0157247
0.103333
0.187767
0.217851
0.185604
0.0964684
-0.031678
-0.171991
-0.293934
-0.369341
-0.378107
-0.312396
-0.178563
0.00361437
0.204253
0.388638
0.523478
0.582995
0.553711
0.437063
0.249362
0.0191052
-0.21787
-0.424501
-0.568791
-0.629148
-0.597856
-0.482071
-0.302253
-0.0883336
0.125608
0.307205
0.431131
0.482978
0.461055
0.375872
0.247504
0.101414
-0.0364443
-0.144293
-0.208145
-0.223728
-0.19646
-0.139566
-0.0708139
-0.00853106
0.0322543
0.0428195
0.0223285
-0.0222752
-0.0779926
-0.128723
-0.158835
-0.15662
-0.116957
-0.0426398
0.0558638
0.1622
0.257101
0.321991
0.342532
0.311453
0.230134
0.108647
-0.0357495
-0.181403
-0.305836
-0.389482
-0.418919
-0.389078
-0.304043
-0.176354
-0.0249459
0.127899
0.260057
0.352948
0.394266
0.379633
0.312977
0.20563
0.0743364
-0.0614399
-0.182478
-0.272565
-0.320652
-0.32215
-0.279201
-0.199996
-0.097282
0.0136564
0.117225
0.199639
0.250663
0.264764
0.241599
0.185801
0.106155
0.0143048
-0.0768448
-0.154816
-0.209151
-0.232725
-0.222639
-0.180588
-0.112655
-0.0285472
0.0596673
0.139164
0.198135
0.227499
0.222309
0.182631
0.113745
0.0255772
-0.0686062
-0.154088
-0.216929
-0.246208
-0.235907
-0.186127
-0.10338
0.00014134
0.108271
0.203315
0.268889
0.292685
0.268697
0.198522
0.0914441
-0.0367454
-0.16607
-0.275484
-0.346288
-0.365291
-0.327173
-0.235619
-0.103014
0.0513155
0.204031
0.331443
0.413303
0.436086
0.395232
0.295957
0.152485
-0.0141731
-0.179528
-0.319459
-0.413965
-0.450201
-0.424315
-0.3418
-0.21634
-0.0673858
0.083107
0.214197
0.309143
0.357734
0.357412
0.313064
0.235588
0.139567
0.0405082
-0.0478318
-0.115552
-0.157805
-0.174933
-0.171586
-0.155084
-0.133403
-0.113218
-0.0984197
-0.0893995
-0.0832266
-0.0746546
-0.0577184
-0.0275614
0.0179216
0.0769976
0.143831
0.209139
0.26167
0.290257
0.286044
0.244458
0.166534
0.0592969
-0.0649153
-0.190105
-0.298993
-0.375717
-0.408396
-0.391111
-0.324962
-0.218009
-0.084108
0.0591595
0.193124
0.300782
0.369225
0.391361
0.366674
0.300946
0.205033
0.092958
-0.020345
-0.121232
-0.199151
-0.247785
-0.26541
-0.254493
-0.220682
-0.17144
-0.114599
-0.057112
-0.00420382
0.0409838
0.0772574
0.104859
0.124752
0.137906
0.144765
0.145021
0.137724
0.121693
0.0961074
0.0610975
0.0181952
-0.0295077
-0.0775541
-0.120656
-0.153483
-0.171548
-0.172023
-0.154314
-0.120264
-0.0739533
-0.0211056
0.0317822
0.0784303
0.113707
0.134335
0.139253
0.129584
0.108243
0.079277
0.0470821
0.0156572
-0.0119642
-0.0340126
-0.0499797
-0.0603531
-0.0661798
-0.0685841
-0.068366
-0.065779
-0.0605349
-0.0520243
-0.0396817
-0.023389
-0.00379329
0.0175626
0.0383556
0.0558411
0.0673889
0.0710772
0.0662013
0.0535631
0.0354448
0.0152411
-0.00319904
-0.0163957
-0.0220515
-0.0196643
-0.0107793
0.00121641
0.0117538
0.0160954
0.0105079
-0.0066552
-0.0342136
-0.0679717
-0.101188
-0.125678
-0.133403
-0.118243
-0.0776302
-0.0136687
0.0665381
0.151521
0.227017
0.278284
0.292788
0.262786
0.187315
0.0731515
-0.0655375
-0.2089
-0.334277
-0.419827
-0.44832
-0.410431
-0.30693
-0.149296
0.0414419
0.237558
0.408774
0.527075
0.571393
0.531375
0.40955
0.221461
-0.00632727
-0.240113
-0.444221
-0.586653
-0.644281
-0.606732
-0.478274
-0.277376
-0.0339575
0.215242
0.432434
0.58476
0.649498
0.61763
0.495208
0.302262
0.0694755
-0.166846
-0.370645
-0.51187
-0.571148
-0.54264
-0.434617
-0.267702
-0.0711252
0.122359
0.281998
0.384084
0.415666
0.376338
0.277833
0.141556
-0.00548472
-0.135618
-0.225438
-0.259882
-0.234754
-0.15729
-0.0446782
0.0791737
0.188053
0.258263
0.273017
0.225639
0.121024
-0.0249026
-0.187656
-0.338182
-0.447727
-0.492788
-0.45933
-0.345565
-0.162831
0.0656096
0.307711
0.52726
0.689293
0.7655
0.738789
0.606327
0.380554
0.0879785
-0.234104
-0.54256
-0.794347
-0.952603
-0.99203
-0.902804
-0.692403
-0.385078
-0.0189539
0.358862
0.69855
0.954369
1.09104
1.08878
0.946335
0.68143
0.328578
-0.0654936
-0.448226
-0.768529
-0.983952
-1.06671
-1.00763
-0.817444
-0.525172
-0.173815
0.18603
0.503681
0.73588
0.853137
0.843926
0.716064
0.495063
0.219704
-0.0644447
-0.312506
-0.487546
-0.566399
-0.543086
-0.429287
-0.251776
-0.0472903
0.14426
0.287047
0.355755
0.340035
0.246181
0.0957248
-0.078797
-0.240145
-0.353575
-0.39361
-0.349097
-0.225594
-0.044579
0.160395
0.349939
0.486312
0.540746
0.499225
0.365573
0.161209
-0.0784568
-0.310392
-0.491909
-0.588758
-0.581813
-0.471033
-0.275877
-0.0320228
0.215096
0.418752
0.539828
0.554477
0.45902
0.27109
0.0267032
-0.226283
-0.437169
-0.562199
-0.573271
-0.463874
-0.251029
0.0272481
0.318616
0.566035
0.718606
0.741582
0.623606
0.379735
0.0495196
-0.309614
-0.63257
-0.858542
-0.942525
-0.864172
-0.632288
-0.283978
0.121501
0.513164
0.821134
0.989537
0.987044
0.813026
0.498107
0.0988957
-0.31221
-0.660304
-0.881893
-0.936854
-0.816135
-0.543687
-0.17219
0.226707
0.575865
0.807326
0.875412
0.765733
0.498328
0.124242
-0.283892
-0.645561
-0.887815
-0.959522
-0.841662
-0.551645
-0.140702
0.315269
0.72976
1.02203
1.13267
1.03547
0.743054
0.305353
-0.199169
-0.677828
-1.04103
-1.2193
-1.17678
-0.918635
-0.490675
0.0286318
0.542559
0.954208
1.18493
1.18955
0.965527
0.554037
0.032828
-0.498085
-0.935216
-1.19141
-1.21289
-0.990274
-0.561293
-0.00459801
0.574393
1.06306
1.36294
1.40891
1.18246
0.716439
0.0902556
-0.583878
-1.18116
-1.58725
-1.71994
-1.54522
-1.08488
-0.413743
0.352819
1.07925
1.6342
1.91464
1.86517
1.48893
0.847969
0.0528095
-0.756933
-1.43751
-1.86707
-1.96788
-1.72087
-1.16952
-0.412397
0.41438
1.16164
1.6942
1.91557
1.78561
1.32814
0.626806
-0.189956
-0.972216
-1.57587
-1.88902
-1.85255
-1.47113
-0.812703
0.0037507
0.829657
1.51385
1.93011
2.00022
1.70843
1.10449
0.294861
-0.576379
-1.35349
-1.89717
-2.10965
-1.95229
-1.45254
-0.698857
0.175234
1.01523
1.67337
2.03504
2.03904
1.68815
1.04811
0.235319
-0.60448
-1.32258
-1.79396
-1.93931
-1.73872
-1.23433
-0.521906
0.267203
0.990258
1.51901
1.76259
1.68321
1.30209
0.694517
-0.0248378
-0.723438
-1.27532
-1.58386
-1.59878
-1.32436
-0.817517
-0.176249
0.479191
1.02888
1.37527
1.46068
1.27708
0.866426
0.311772
-0.279151
-0.794606
-1.13991
-1.25487
-1.1245
-0.78093
-0.296514
0.230693
0.696055
1.00852
1.10797
0.976529
0.641666
0.170707
-0.342288
-0.794681
-1.09501
-1.1806
-1.02974
-0.666097
-0.154572
0.4106
0.923338
1.28549
1.4252
1.31055
0.955819
0.41927
-0.207085
-0.813966
-1.29446
-1.56326
-1.57197
-1.31778
-0.843888
-0.23169
0.413812
0.982718
1.37965
1.54035
1.4426
1.10945
0.604335
0.0191189
-0.542771
-0.984945
-1.23502
-1.25695
-1.05651
-0.679167
-0.200797
0.286924
0.693639
0.946822
1.00465
0.862942
0.555055
0.144813
-0.286033
-0.653429
-0.886798
-0.942037
-0.809385
-0.514793
-0.114621
0.315226
0.693663
0.949557
1.03484
0.933189
0.662733
0.272385
-0.167459
-0.578046
-0.886752
-1.04023
-1.01384
-0.815635
-0.484347
-0.0817149
0.31922
0.647685
0.848057
0.88968
0.771869
0.523236
0.195599
-0.146309
-0.437329
-0.624169
-0.675214
-0.586028
-0.379593
-0.101317
0.190174
0.434643
0.582016
0.60207
0.490206
0.268241
-0.0199093
-0.3168
-0.562619
-0.706809
-0.717932
-0.589889
-0.343323
-0.0219277
0.315638
0.606717
0.796429
0.848047
0.750015
0.51829
0.193555
-0.166182
-0.496232
-0.737138
-0.84564
-0.802659
-0.616821
-0.322862
0.0247776
0.361997
0.626843
0.770916
0.768261
0.620116
0.354644
0.0217214
-0.316271
-0.595932
-0.764505
-0.789574
-0.665032
-0.412237
-0.0761595
0.282757
0.599532
0.816376
0.893094
0.814293
0.592099
0.263957
-0.114089
-0.477354
-0.763923
-0.925455
-0.935461
-0.793626
-0.525472
-0.177506
0.191222
0.519552
0.754785
0.861497
0.827096
0.66323
0.402916
0.0940283
-0.209577
-0.457647
-0.612106
-0.653111
-0.581632
-0.418201
-0.198244
0.0350456
0.23888
0.378585
0.433446
0.399722
0.290394
0.131844
-0.0417749
-0.195345
-0.299443
-0.33562
-0.299381
-0.200418
-0.0601622
0.0927608
0.228229
0.320366
0.352237
0.318688
0.226856
0.0943814
-0.0542478
-0.192454
-0.296485
-0.34957
-0.344592
-0.284858
-0.182925
-0.0578386
0.0686429
0.176044
0.248653
0.277885
0.263154
0.21124
0.134373
0.0475174
-0.03456
-0.0998612
-0.140914
-0.155461
-0.146074
-0.118887
-0.0818272
-0.0427625
-0.00797342
0.0187645
0.0363693
0.0459709
0.049971
0.0509451
0.0506975
0.0497169
0.0471547
0.0413034
0.0304116
0.0135844
-0.00851049
-0.0333589
-0.0568624
-0.0741223
-0.0805824
-0.073257
-0.0517299
-0.0186426
0.0205067
0.0582729
0.0867351
0.0992322
0.0919804
0.0651873
0.0233626
-0.0253144
-0.0705049
-0.101831
-0.111184
-0.0947182
-0.0540689
0.00353326
0.0663695
0.120412
0.152189
0.151776
0.11528
0.0462559
-0.0443346
-0.13972
-0.220261
-0.267236
-0.266758
-0.213026
-0.11023
0.0273928
0.177476
0.313172
0.407931
0.440562
0.399604
0.286142
0.11443
-0.08989
-0.293789
-0.462401
-0.565184
-0.581557
-0.504969
-0.344587
-0.124216
0.121424
0.352479
0.530787
0.626536
0.623558
0.522275
0.339732
0.10669
-0.13773
-0.352894
-0.503756
-0.566944
-0.534716
-0.416077
-0.234882
-0.0252715
0.174688
0.329979
0.414931
0.417692
0.342056
0.20635
0.0396224
-0.124114
-0.252471
-0.320861
-0.317083
-0.243477
-0.116257
0.0378116
0.186739
0.299592
0.352541
0.333485
0.244423
0.101095
-0.0700014
-0.236634
-0.366946
-0.435483
-0.427991
-0.344111
-0.197462
-0.0131306
0.176934
0.339757
0.447284
0.481362
0.436834
0.322228
0.157962
-0.027545
-0.203089
-0.340229
-0.41815
-0.426973
-0.368963
-0.257516
-0.114199
0.0355183
0.166978
0.260605
0.304968
0.298122
0.247105
0.165798
0.0716858
-0.0177822
-0.088475
-0.131891
-0.1461
-0.135241
-0.107788
-0.0740631
-0.0435856
-0.0228743
-0.0141609
-0.0152679
-0.0206178
-0.0230874
-0.0162305
0.00368392
0.036324
0.07698
0.117385
0.147506
0.15792
0.142222
0.0989206
0.0323348
-0.0477587
-0.127721
-0.19261
-0.229194
-0.2288
-0.189372
-0.116274
-0.0216079
0.0778796
0.163926
0.220314
0.236158
0.208228
0.141805
0.0498613
-0.0493507
-0.135831
-0.191828
-0.205492
-0.173445
-0.101707
-0.00475525
0.0971685
0.181998
0.230291
0.229309
0.175902
0.0775718
-0.0485286
-0.178569
-0.286442
-0.348794
-0.349724
-0.284221
-0.159654
0.00505058
0.182445
0.341315
0.452288
0.493284
0.453785
0.337096
0.160155
-0.0491344
-0.256592
-0.427652
-0.533401
-0.555676
-0.490299
-0.347855
-0.151879
0.065242
0.267886
0.42335
0.507426
0.508416
0.428893
0.284928
0.102962
-0.0850697
-0.247457
-0.358238
-0.401531
-0.373946
-0.284673
-0.153322
-0.00596338
0.129859
0.230187
0.278859
0.270129
0.209263
0.111075
-0.00326093
-0.110463
-0.189631
-0.226132
-0.214158
-0.157537
-0.0686871
0.0340225
0.129967
0.200276
0.231404
0.217594
0.161799
0.0749411
-0.026321
-0.122846
-0.196655
-0.234267
-0.229128
-0.182682
-0.103948
-0.00770208
0.0883455
0.166844
0.213942
0.221705
0.189404
0.123473
0.0361801
-0.0566841
-0.138674
-0.195574
-0.21779
-0.201859
-0.150848
-0.0736247
0.0168099
0.105607
0.178544
0.224264
0.23594
0.21211
0.156636
0.0778443
-0.0129315
-0.103137
-0.180797
-0.236068
-0.262346
-0.256835
-0.220578
-0.158031
-0.076317
0.0156921
0.108331
0.192041
0.258153
0.299549
0.311206
0.290635
0.238205
0.157332
0.0544777
-0.0611257
-0.178058
-0.283645
-0.365209
-0.411536
-0.4144
-0.369931
-0.279603
-0.150623
0.00440207
0.16859
0.3226
0.446972
0.524678
0.543536
0.498137
0.390957
0.232459
0.040106
-0.163626
-0.353991
-0.507125
-0.603179
-0.628996
-0.579968
-0.460791
-0.28501
-0.0734056
0.148575
0.35401
0.517892
0.62028
0.6488
0.600187
0.480666
0.305145
0.0953131
-0.123085
-0.323479
-0.48177
-0.57932
-0.60522
-0.557599
-0.44378
-0.279281
-0.0857747
0.111729
0.288134
0.421517
0.495975
0.50368
0.445863
0.33257
0.18121
0.0140784
-0.144823
-0.273223
-0.353793
-0.376651
-0.340795
-0.254198
-0.132556
0.00317199
0.130074
0.226937
0.277682
0.274029
0.216942
0.116586
-0.00922477
-0.137892
-0.245757
-0.312102
-0.322773
-0.272797
-0.167543
-0.0221721
0.140566
0.293889
0.411318
0.471106
0.460011
0.375781
0.227889
0.0363634
-0.171128
-0.363517
-0.511199
-0.590753
-0.588729
-0.503886
-0.347488
-0.141617
0.0842351
0.297748
0.468757
0.573856
0.599843
0.545507
0.421453
0.248075
0.0520329
-0.138132
-0.296494
-0.403607
-0.449114
-0.432721
-0.363458
-0.257426
-0.13453
-0.0147974
0.0850131
0.15394
0.188063
0.190332
0.169083
0.13564
0.10151
0.075777
0.0632184
0.0635081
0.0716415
0.0794559
0.0778968
0.0595217
0.0206853
-0.0370897
-0.106884
-0.177391
-0.234994
-0.266522
-0.262133
-0.217713
-0.136288
-0.0280778
0.0908836
0.201366
0.284354
0.32463
0.313819
0.252303
0.149572
0.0228647
-0.105706
-0.213069
-0.279456
-0.292207
-0.248388
-0.155686
-0.0313187
0.100879
0.214744
0.28668
0.300269
0.249718
0.141445
-0.00655983
-0.167591
-0.310837
-0.406986
-0.433804
-0.380673
-0.251196
-0.0633093
0.153226
0.361605
0.524262
0.609578
0.59782
0.485216
0.28536
0.0276009
-0.247417
-0.494367
-0.670911
-0.745113
-0.701289
-0.543203
-0.293996
0.00724879
0.311782
0.569281
0.736402
0.784299
0.703803
0.507294
0.226898
-0.090749
-0.392305
-0.626788
-0.754337
-0.753145
-0.623338
-0.387096
-0.0849517
0.231113
0.506601
0.693918
0.760635
0.69515
0.508739
0.233629
-0.0825853
-0.385212
-0.621974
-0.752101
-0.753395
-0.626039
-0.392477
-0.0933914
0.219496
0.492523
0.679471
0.749565
0.692695
0.520929
0.266099
-0.0260982
-0.304382
-0.521064
-0.640453
-0.644981
-0.537984
-0.342656
-0.0974211
0.151393
0.35821
0.486577
0.515728
0.444128
0.289384
0.0845678
-0.128326
-0.306538
-0.414771
-0.43194
-0.355158
-0.200235
0.00141827
0.208884
0.379672
0.477986
0.481752
0.38707
0.209213
-0.0200272
-0.258171
-0.459985
-0.586031
-0.610215
-0.524917
-0.342701
-0.0942612
0.177037
0.423037
0.599623
0.67487
0.63498
0.486894
0.257071
-0.0133528
-0.276127
-0.484768
-0.603111
-0.611921
-0.512334
-0.325476
-0.0883336
0.15334
0.353755
0.47579
0.498019
0.418727
0.256138
0.0448008
-0.171187
-0.346837
-0.445144
-0.444488
-0.343096
-0.159699
0.0698195
0.299165
0.480538
0.574018
0.555625
0.422499
0.194148
-0.0905666
-0.380209
-0.620122
-0.762638
-0.776253
-0.652022
-0.405919
-0.0766502
0.280774
0.604598
0.837312
0.936084
0.880721
0.677666
0.359261
-0.0216503
-0.400858
-0.714027
-0.908038
-0.950393
-0.834959
-0.583018
-0.239428
0.135436
0.476481
0.725496
0.841449
0.807616
0.634269
0.356451
0.0272783
-0.291987
-0.54325
-0.682197
-0.686264
-0.55851
-0.32669
-0.037754
0.251201
0.483814
0.615133
0.620085
0.498166
0.27347
-0.00994706
-0.296473
-0.529567
-0.662581
-0.667751
-0.54165
-0.306061
-0.00408031
0.307849
0.570491
0.732995
0.762616
0.651118
0.416647
0.100679
-0.239438
-0.540993
-0.747546
-0.81952
-0.741784
-0.526775
-0.212541
0.143992
0.477327
0.725406
0.841131
0.80125
0.61096
0.303313
-0.0664968
-0.430988
-0.722616
-0.88615
-0.888949
-0.727232
-0.427159
-0.0404846
0.364483
0.715018
0.947039
1.01673
0.90863
0.638692
0.251738
-0.186267
-0.599761
-0.916896
-1.08224
-1.06659
-0.872162
-0.532173
-0.104979
0.33626
0.716483
0.9719
1.06109
0.972033
0.723879
0.363124
-0.0450172
-0.428499
-0.721391
-0.875551
-0.868926
-0.709005
-0.430856
-0.0901551
0.247457
0.518702
0.674396
0.688413
0.562255
0.324405
0.0246146
-0.27577
-0.515639
-0.645871
-0.638808
-0.493675
-0.23692
0.0826164
0.402799
0.65991
0.800784
0.793106
0.631937
0.341219
-0.0300808
-0.416521
-0.747917
-0.962122
-1.01654
-0.896232
-0.617146
-0.223775
0.218322
0.633874
0.951092
1.11436
1.09416
0.892391
0.542228
0.102421
-0.352889
-0.747044
-1.01417
-1.1105
-1.02185
-0.765715
-0.387998
0.0453546
0.460035
0.786386
0.971399
0.987589
0.837229
0.551266
0.183209
-0.200836
-0.534123
-0.761052
-0.846655
-0.782157
-0.585682
-0.298103
0.0251009
0.32439
0.54714
0.657018
0.640075
0.50652
0.287942
0.0306185
-0.213748
-0.398076
-0.488807
-0.472021
-0.355635
-0.167357
0.0511602
0.252794
0.394385
0.445316
0.393589
0.248243
0.0376668
-0.195862
-0.404367
-0.543516
-0.581355
-0.504746
-0.322297
-0.0632054
0.227792
0.498443
0.69849
0.788932
0.749318
0.58173
0.310735
-0.0207063
-0.358619
-0.647357
-0.839219
-0.902635
-0.827467
-0.626531
-0.333119
0.00497397
0.333803
0.602479
0.771588
0.819381
0.744693
0.566205
0.318313
0.0444615
-0.21076
-0.409285
-0.525648
-0.550443
-0.490687
-0.367173
-0.209485
-0.0497461
0.0836526
0.171132
0.204898
0.189343
0.138945
0.0742082
0.0165864
-0.0165221
-0.0156525
0.0187575
0.0766816
0.140991
0.191549
0.210026
0.184383
0.112072
0.00122913
-0.13042
-0.25877
-0.358038
-0.406033
-0.388916
-0.304475
-0.163202
0.0130973
0.194976
0.350624
0.451778
0.479132
0.426191
0.300802
0.124024
-0.0735051
-0.257047
-0.394091
-0.460343
-0.44426
-0.349247
-0.193104
-0.00477911
0.180951
0.329921
0.41492
0.420754
0.347074
0.208437
0.0315635
-0.149681
-0.300669
-0.392549
-0.407715
-0.343173
-0.211172
-0.0369436
0.146009
0.302225
0.401015
0.422342
0.360748
0.22657
0.0442002
-0.152326
-0.325594
-0.441797
-0.477137
-0.422455
-0.285214
-0.088421
0.133318
0.339943
0.493175
0.563517
0.535767
0.412006
0.211509
-0.0324412
-0.278284
-0.483445
-0.611841
-0.640297
-0.562707
-0.391209
-0.154149
0.108815
0.353591
0.539307
0.635383
0.62677
0.516455
0.324776
0.0857159
-0.159175
-0.368122
-0.506435
-0.552488
-0.501316
-0.365224
-0.171322
0.0435499
0.239572
0.381151
0.443297
0.416032
0.30606
0.135408
-0.0626745
-0.249842
-0.389665
-0.454295
-0.429575
-0.317695
-0.136929
0.0815086
0.298913
0.475886
0.579285
0.588103
0.497254
0.318615
0.079149
-0.183552
-0.427524
-0.613409
-0.71096
-0.703979
-0.592868
-0.394411
-0.138864
0.135103
0.386722
0.579615
0.687386
0.697404
0.61223
0.448536
0.233811
0.00148722
-0.214606
-0.385525
-0.491348
-0.523558
-0.485376
-0.390151
-0.258204
-0.112821
0.0238691
0.134367
0.20809
0.242152
0.240665
0.212819
0.170255
0.124314
0.0837308
0.053215
0.0331224
0.0202015
0.00914851
-0.00544755
-0.0272578
-0.0569099
-0.091534
-0.125266
-0.150585
-0.160179
-0.148893
-0.115301
-0.0625048
0.00206186
0.0678372
0.123128
0.157499
0.164049
0.141073
0.0927214
0.0284495
-0.0386735
-0.0945142
-0.126781
-0.127695
-0.0958654
-0.0369197
0.0372914
0.110833
0.166798
0.190802
0.174167
0.116121
0.0245205
-0.0851449
-0.192356
-0.275344
-0.315363
-0.300623
-0.229104
-0.109615
0.0391953
0.191795
0.320228
0.399295
0.411495
0.350764
0.224255
0.0517017
-0.137611
-0.309816
-0.432531
-0.480929
-0.442682
-0.320808
-0.13381
0.0870396
0.302863
0.473953
0.566963
0.561214
0.452945
0.256644
0.00314964
-0.265261
-0.501992
-0.664239
-0.72067
-0.657287
-0.480377
-0.215974
0.0941762
0.39947
0.648988
0.800238
0.826557
0.721878
0.501971
0.20193
-0.12969
-0.439079
-0.676302
-0.803753
-0.802458
-0.675144
-0.445531
-0.154013
0.149512
0.414364
0.597822
0.672333
0.629949
0.483243
0.262587
0.0103352
-0.227
-0.407154
-0.499585
-0.490687
-0.38585
-0.208042
0.00676422
0.216441
0.380557
0.467782
0.461515
0.362742
0.189643
-0.0259197
-0.244355
-0.425611
-0.536422
-0.556236
-0.480748
-0.32248
-0.108329
0.125398
0.339523
0.498904
0.578457
0.567242
0.469935
0.305492
0.103335
-0.102172
-0.277913
-0.397728
-0.446627
-0.422808
-0.337191
-0.210665
-0.0696439
0.0591659
0.153777
0.200781
0.197375
0.151239
0.0783698
-0.000623174
-0.0650036
-0.098263
-0.0914987
-0.045175
0.0310483
0.120348
0.202208
0.256626
0.268235
0.229528
0.142578
0.0189221
-0.122363
-0.258026
-0.364803
-0.423616
-0.423013
-0.361245
-0.246608
-0.0960077
0.0679562
0.220848
0.340485
0.410524
0.422939
0.378982
0.288514
0.16791
0.0369519
-0.0846719
-0.180623
-0.240353
-0.260341
-0.243975
-0.200192
-0.141221
-0.0799131
-0.0271993
0.00982652
0.0288755
0.0323437
0.0261989
0.0181656
0.0156288
0.0237197
0.0439933
0.0739725
0.107645
0.136797
0.152893
0.149091
0.121974
0.0725957
0.00663246
-0.0664413
-0.134993
-0.187382
-0.214203
-0.210173
-0.175271
-0.114916
-0.0390853
0.0394337
0.107372
0.153427
0.170375
0.156428
0.115572
0.0568078
-0.00757638
-0.0643789
-0.102055
-0.112994
-0.0950552
-0.0520596
0.00687717
0.0690648
0.120696
0.149587
0.14767
0.112762
0.0492435
-0.0325161
-0.117903
-0.190687
-0.236052
-0.243478
-0.208919
-0.135849
-0.0349509
0.0775415
0.182586
0.261678
0.3002
0.290184
0.23193
0.134192
0.012842
-0.111779
-0.218369
-0.288412
-0.309512
-0.277674
-0.198133
-0.0845402
0.0433709
0.16323
0.253987
0.29967
0.29226
0.233155
0.132948
0.00953806
-0.115084
-0.218804
-0.283385
-0.297755
-0.259989
-0.177608
-0.0661251
0.0538742
0.1606
0.235133
0.26494
0.246174
0.1843
0.0929304
-0.00891554
-0.100609
-0.164032
-0.187212
-0.166751
-0.108557
-0.0266847
0.059497
0.129295
0.165061
0.156071
0.101111
0.00920818
-0.101716
-0.208093
-0.285271
-0.312561
-0.277774
-0.180324
-0.0322138
0.143398
0.315902
0.452611
0.52486
0.513697
0.414065
0.236614
0.00667542
-0.239528
-0.46087
-0.618475
-0.682792
-0.639254
-0.491457
-0.261168
0.0149326
0.291298
0.521328
0.665583
0.698924
0.61524
0.428865
0.172337
-0.109159
-0.365732
-0.551706
-0.633909
-0.597821
-0.450412
-0.219097
0.0530513
0.315029
0.517183
0.620383
0.603384
0.467017
0.234386
-0.0530294
-0.342694
-0.580486
-0.720592
-0.73404
-0.614282
-0.378776
-0.0662296
0.270049
0.571509
0.784774
0.871224
0.814008
0.621204
0.324535
-0.0261488
-0.371631
-0.653768
-0.825717
-0.860122
-0.753768
-0.527902
-0.224166
0.103087
0.396671
0.606847
0.700104
0.664883
0.513217
0.278031
0.00664747
-0.248255
-0.438549
-0.529574
-0.506427
-0.376481
-0.167699
0.0768978
0.307551
0.477294
0.550907
0.511612
0.364296
0.134653
-0.135556
-0.396241
-0.598259
-0.702515
-0.687203
-0.551864
-0.317538
-0.0230051
0.282162
0.546447
0.725512
0.789935
0.730181
0.557961
0.303787
0.0112375
-0.270957
-0.49754
-0.634492
-0.664543
-0.589515
-0.429157
-0.216799
0.0072789
0.203461
0.339962
0.398234
0.375668
0.285188
0.15192
0.00767266
-0.11564
-0.192352
-0.207943
-0.161592
-0.0659441
0.055796
0.174813
0.262676
0.297185
0.266939
0.173736
0.0323833
-0.132055
-0.289003
-0.408205
-0.465522
-0.447598
-0.354513
-0.199938
-0.00876753
0.18731
0.355485
0.46769
0.505572
0.46369
0.350357
0.186023
-0.000492966
-0.177213
-0.314684
-0.391119
-0.396077
-0.332052
-0.213722
-0.0650398
0.0852859
0.209066
0.28372
0.296275
0.245568
0.142306
0.0069909
-0.133886
-0.252683
-0.325618
-0.337074
-0.282444
-0.169036
-0.0148982
0.154216
0.309226
0.422685
0.473475
0.450462
0.354496
0.198432
0.00516219
-0.19599
-0.373945
-0.500839
-0.556487
-0.531629
-0.429439
-0.265055
-0.0632178
0.145609
0.330019
0.462578
0.524112
0.506668
0.414696
0.264258
0.0803898
-0.10697
-0.267828
-0.376994
-0.418156
-0.386512
-0.28952
-0.145625
0.0188446
0.174125
0.292084
0.351068
0.339729
0.259142
0.122852
-0.0452325
-0.214768
-0.354116
-0.435847
-0.441674
-0.365956
-0.217146
-0.016846
0.203408
0.407167
0.559092
0.63097
0.606711
0.485447
0.282157
0.0256532
-0.245785
-0.490448
-0.669917
-0.755342
-0.732232
-0.602923
-0.386303
-0.114816
0.170755
0.427855
0.618959
0.717479
0.711786
0.606686
0.422162
0.189626
-0.0536059
-0.270631
-0.430965
-0.515205
-0.517582
-0.446042
-0.319941
-0.165861
-0.012396
0.115105
0.198866
0.231317
0.215627
0.16413
0.0950478
0.028241
-0.0191457
-0.0362491
-0.0205754
0.021771
0.0777174
0.130332
0.162739
0.162013
0.12224
0.0461017
-0.0553398
-0.164628
-0.261269
-0.325786
-0.343659
-0.308352
-0.22282
-0.0991971
0.0433033
0.181837
0.294083
0.362277
0.37636
0.335644
0.248696
0.131508
0.00432629
-0.112186
-0.200711
-0.250223
-0.25757
-0.227441
-0.170785
-0.102084
-0.0360768
0.0153499
0.0454483
0.053628
0.0450236
0.0287591
0.0153345
0.0137495
0.0290303
0.0607338
0.102785
0.144709
0.174
0.179122
0.152467
0.0926075
0.00529514
-0.0970693
-0.197455
-0.277346
-0.320397
-0.315859
-0.261046
-0.162313
-0.0342786
0.102591
0.225618
0.314062
0.352985
0.336061
0.266777
0.157773
0.0284534
-0.0986738
-0.2022
-0.265741
-0.280813
-0.248125
-0.177048
-0.0834242
0.0138138
0.0964899
0.150707
0.169335
0.15298
0.1093
0.0508581
-0.00794835
-0.0541984
-0.0792407
-0.0803668
-0.0610129
-0.0294856
0.00345611
0.0275613
0.0358638
0.0265844
0.00367046
-0.0241951
-0.045916
-0.0511011
-0.0332248
0.00797851
0.0655563
0.126183
0.172769
0.188363
0.160536
0.0852384
-0.0308289
-0.170067
-0.306326
-0.409494
-0.451571
-0.413027
-0.288124
-0.0879285
0.159843
0.41444
0.628744
0.757893
0.768311
0.645343
0.397865
0.0587018
-0.319555
-0.672858
-0.93683
-1.05874
-1.00807
-0.783594
-0.41536
0.0390957
0.503861
0.897681
1.14863
1.20772
1.05886
0.723058
0.255916
-0.261441
-0.736535
-1.08231
-1.23347
-1.1592
-0.869943
-0.416455
0.11862
0.635502
1.03567
1.24052
1.2068
0.935758
0.474055
-0.0938574
-0.660821
-1.11677
-1.36967
-1.36359
-1.09049
-0.593161
0.0413306
0.696828
1.24923
1.58972
1.64586
1.39629
0.876393
0.173277
-0.58896
-1.27137
-1.74565
-1.91826
-1.74876
-1.25864
-0.528869
0.313623
1.11831
1.73829
2.05735
2.01195
1.6039
0.901196
0.026726
-0.863357
-1.6077
-2.06923
-2.16053
-1.86059
-1.21946
-0.349967
0.592097
1.43602
2.02714
2.2553
2.07536
1.51603
0.675312
-0.296784
-1.22516
-1.94129
-2.31394
-2.27323
-1.82367
-1.04371
-0.0718607
0.918188
1.74891
2.27103
2.39058
2.08592
1.41165
0.488708
-0.517536
-1.4272
-2.0784
-2.35633
-2.21382
-1.67945
-0.852027
0.11774
1.05474
1.79126
2.19719
2.20323
1.81281
1.10085
0.199503
-0.72631
-1.50905
-2.00888
-2.13866
-1.87911
-1.28149
-0.457546
0.441427
1.25241
1.8302
2.07342
1.94215
1.4643
0.729575
-0.127521
-0.952588
-1.59933
-1.95565
-1.96312
-1.62644
-1.01138
-0.23183
0.571609
1.25724
1.7076
1.84979
1.66735
1.20172
0.543264
-0.186221
-0.856165
-1.3508
-1.58936
-1.53944
-1.22116
-0.701812
-0.0821121
0.523064
1.00589
1.28481
1.31827
1.11081
0.710491
0.198522
-0.326755
-0.768455
-1.04879
-1.12258
-0.984309
-0.66766
-0.237889
0.221318
0.623895
0.897297
0.995354
0.905803
0.651342
0.284206
-0.124464
-0.498352
-0.770136
-0.893502
-0.850866
-0.655546
-0.348209
0.0115556
0.356798
0.625675
0.772502
0.77543
0.639478
0.394557
0.0890492
-0.219714
-0.476189
-0.636593
-0.676306
-0.593488
-0.408406
-0.158787
0.107767
0.342819
0.505851
0.571191
0.531916
0.400189
0.204133
-0.0180208
-0.225322
-0.3816
-0.461729
-0.455573
-0.369026
-0.222111
-0.0446253
0.129752
0.269739
0.351974
0.364824
0.309877
0.200979
0.0611094
-0.0822282
-0.202205
-0.27749
-0.295855
-0.255993
-0.167296
-0.047751
0.0796052
0.190965
0.265997
0.291317
0.262625
0.185192
0.0727025
-0.055303
-0.176877
-0.271404
-0.322998
-0.323016
-0.271304
-0.176043
-0.0522599
0.0807105
0.20236
0.294241
0.342779
0.34126
0.290696
0.199486
0.081956
-0.0439677
-0.15958
-0.24826
-0.297958
-0.302912
-0.264372
-0.190215
-0.0935418
0.00952286
0.102475
0.171097
0.205717
0.202713
0.164994
0.101404
0.0251083
-0.0487461
-0.105733
-0.13474
-0.130017
-0.0922998
-0.0287949
0.0479956
0.122447
0.178622
0.203238
0.188263
0.132679
0.0430332
-0.0673422
-0.180368
-0.276205
-0.336683
-0.348598
-0.306266
-0.212876
-0.0803384
0.0723766
0.222182
0.345616
0.422755
0.440612
0.395438
0.293483
0.150071
-0.0128717
-0.170424
-0.298801
-0.379289
-0.401291
-0.363966
-0.276169
-0.154712
-0.0212742
0.101493
0.193948
0.242819
0.243352
0.199865
0.124631
0.0353249
-0.048486
-0.109136
-0.134238
-0.119015
-0.0671612
0.00992424
0.0953675
0.1701
0.216564
0.222158
0.181777
0.098971
-0.0144778
-0.140498
-0.257834
-0.345747
-0.387665
-0.374112
-0.304428
-0.186977
-0.0378349
0.121801
0.269009
0.382762
0.447149
0.453683
0.402364
0.301355
0.165423
0.0134512
-0.134515
-0.260179
-0.34941
-0.393832
-0.391413
-0.346076
-0.266516
-0.164507
-0.053029
0.0554493
0.150322
0.223686
0.270662
0.289302
0.2802
0.246006
0.190944
0.120434
0.0408006
-0.0409635
-0.117493
-0.181467
-0.226208
-0.246431
-0.23906
-0.203944
-0.144311
-0.0667788
0.0191742
0.102288
0.17104
0.215389
0.228458
0.207838
0.156243
0.0813382
-0.00529357
-0.0899151
-0.15886
-0.200841
-0.20893
-0.181833
-0.124215
-0.0459708
0.0394433
0.117343
0.174398
0.20099
0.192927
0.152167
0.0864315
0.00776202
-0.0697132
-0.132385
-0.169655
-0.175845
-0.151166
-0.101562
-0.0374751
0.0282419
0.0828421
0.116159
0.122547
0.101931
0.0597399
0.0057716
-0.0478086
-0.0889303
-0.108062
-0.100159
-0.0657278
-0.010811
0.0541209
0.116147
0.162368
0.182395
0.170381
0.126216
0.0556458
-0.0306786
-0.119055
-0.195123
-0.246349
-0.264159
-0.245318
-0.192361
-0.113002
-0.0186987
0.0773479
0.162359
0.225914
0.261328
0.266272
0.242604
0.195519
0.132279
0.0608044
-0.0115494
-0.0788249
-0.136788
-0.182773
-0.215199
-0.23297
-0.235004
-0.220085
-0.187108
-0.135707
-0.067072
0.0152611
0.10496
0.192992
0.268418
0.31983
0.337264
0.314234
0.249477
0.147997
0.0210835
-0.114828
-0.240387
-0.336334
-0.38679
-0.38223
-0.321561
-0.212834
-0.072358
0.0777141
0.212995
0.311052
0.355429
0.338758
0.264325
0.145744
0.00471322
-0.132786
-0.241205
-0.30019
-0.298503
-0.236326
-0.125465
0.012654
0.150876
0.261419
0.321234
0.316613
0.24613
0.1213
-0.0352422
-0.193775
-0.323023
-0.396183
-0.39629
-0.319867
-0.178115
0.00469213
0.19537
0.357853
0.459988
0.479824
0.410181
0.260573
0.0560234
-0.167095
-0.367518
-0.506685
-0.556091
-0.502988
-0.35332
-0.131253
0.12471
0.368419
0.554384
0.64622
0.623639
0.486675
0.256264
-0.0289979
-0.319443
-0.563105
-0.715121
-0.746055
-0.647571
-0.434372
-0.141984
0.179311
0.473315
0.687982
0.784871
0.746255
0.578541
0.311336
-0.00773153
-0.321531
-0.573769
-0.719258
-0.732244
-0.611219
-0.379325
-0.0802015
0.229965
0.492784
0.658497
0.695293
0.595394
0.376723
0.0798169
-0.23949
-0.520312
-0.708005
-0.764443
-0.675358
-0.45335
-0.135986
0.220743
0.552421
0.797878
0.910402
0.866432
0.670113
0.352867
-0.0319904
-0.418636
-0.740426
-0.941781
-0.988104
-0.871917
-0.614126
-0.260152
0.128319
0.484485
0.748404
0.877622
0.854519
0.689035
0.416325
0.0898159
-0.229011
-0.482181
-0.625965
-0.638785
-0.524842
-0.312786
-0.0497558
0.208096
0.406722
0.504845
0.48209
0.343033
0.116377
-0.150621
-0.401402
-0.581289
-0.648447
-0.582507
-0.389141
-0.0996742
0.234296
0.550308
0.786747
0.894668
0.847491
0.646679
0.322279
-0.0719078
-0.467677
-0.794661
-0.993203
-1.0255
-0.8829
-0.587998
-0.190989
0.239044
0.626413
0.902464
1.01806
0.952657
0.718193
0.357165
-0.0649299
-0.471371
-0.788106
-0.957239
-0.947642
-0.760743
-0.430398
-0.0168637
0.404081
0.754878
0.970318
1.00948
0.863266
0.556243
0.142297
-0.304987
-0.705562
-0.987349
-1.09924
-1.02033
-0.763711
-0.374099
0.0801855
0.519505
0.867178
1.06317
1.07475
0.902127
0.578202
0.162381
-0.270319
-0.642886
-0.89019
-0.970584
-0.873162
-0.619388
-0.258851
0.14005
0.502738
0.762108
0.87071
0.809252
0.589936
0.254046
-0.135717
-0.506729
-0.789656
-0.930989
-0.902661
-0.70703
-0.376395
0.0328118
0.450074
0.803227
1.03106
1.09383
0.979929
0.707508
0.320969
-0.117007
-0.536372
-0.871602
-1.07245
-1.11176
-0.989057
-0.729501
-0.378521
0.00668483
0.367198
0.652113
0.826281
0.874824
0.803817
0.637284
0.411314
0.16658
-0.0592236
-0.237615
-0.353135
-0.404224
-0.401226
-0.362186
-0.307499
-0.254643
-0.21417
-0.187763
-0.168719
-0.144651
-0.101717
-0.0293387
0.0757236
0.206962
0.348022
0.475068
0.561236
0.582299
0.522379
0.37848
0.162781
-0.0979555
-0.365934
-0.598342
-0.754802
-0.804895
-0.734329
-0.548493
-0.272619
0.0516652
0.372882
0.638301
0.803076
0.838288
0.736412
0.513144
0.205174
-0.1358
-0.451814
-0.688641
-0.805299
-0.781346
-0.620661
-0.350979
-0.0192211
0.316597
0.597469
0.773756
0.813948
0.710286
0.480233
0.163504
-0.18483
-0.503949
-0.737942
-0.845611
-0.807714
-0.63036
-0.34396
0.00207433
0.347964
0.633993
0.810913
0.848503
0.74078
0.506969
0.188075
-0.160331
-0.477827
-0.709659
-0.816221
-0.779859
-0.607815
-0.330836
0.00227824
0.333243
0.604429
0.768836
0.79816
0.687582
0.456465
0.144894
-0.19334
-0.500048
-0.722641
-0.823088
-0.784312
-0.612961
-0.3381
-0.00611622
0.32728
0.606543
0.785651
0.835748
0.749795
0.543478
0.252283
-0.0747247
-0.383312
-0.623227
-0.756539
-0.763764
-0.646794
-0.428178
-0.146949
0.148253
0.407549
0.588248
0.661913
0.618902
0.469651
0.242551
-0.0211747
-0.274688
-0.473591
-0.583465
-0.585614
-0.480101
-0.285572
-0.0359679
0.225311
0.452772
0.606497
0.658818
0.59893
0.434676
0.191264
-0.0928592
-0.372271
-0.601923
-0.74439
-0.775837
-0.68977
-0.498001
-0.2287
0.0780971
0.376784
0.623252
0.781619
0.829551
0.761411
0.588763
0.338242
0.0471874
-0.242227
-0.489412
-0.66132
-0.737058
-0.710479
-0.590447
-0.39883
-0.166614
0.0711579
0.280811
0.434967
0.516242
0.519206
0.450408
0.326552
0.171229
0.0107967
-0.129911
-0.231336
-0.281881
-0.279135
-0.229572
-0.14683
-0.0489592
0.0448702
0.117632
0.157163
0.157918
0.12155
0.0562687
-0.0248393
-0.106209
-0.172493
-0.211114
-0.214264
-0.180072
-0.112794
-0.0220321
0.0788475
0.174823
0.251516
0.297317
0.305052
0.272944
0.20478
0.109278
-0.00121029
-0.112457
-0.210316
-0.282602
-0.320647
-0.320337
-0.282513
-0.212715
-0.120325
-0.0172496
0.0836862
0.170396
0.233043
0.265212
0.264596
0.233135
0.176591
0.103642
0.0246117
-0.049973
-0.11081
-0.151039
-0.167075
-0.158964
-0.130199
-0.0870521
-0.0375057
0.0100318
0.0480428
0.0710425
0.076372
0.0645217
0.0389406
0.00536534
-0.0292144
-0.0577819
-0.0745057
-0.0757349
-0.0606131
-0.0312094
0.00785076
0.050188
0.0887619
0.117064
0.130207
0.125719
0.103914
0.0677947
0.0224909
-0.0256269
-0.0700136
-0.104994
-0.126604
-0.133095
-0.125022
-0.104933
-0.0767343
-0.0448845
-0.0135691
0.0139742
0.0358608
0.0516374
0.0620431
0.0685337
0.0726948
0.0756894
0.0778722
0.0786603
0.0766889
0.0702117
0.057649
0.0381496
0.0120247
-0.0190582
-0.0521838
-0.0835932
-0.109308
-0.125848
-0.130884
-0.123685
-0.105262
-0.0781506
-0.0458997
-0.0123599
0.0190645
0.0460268
0.0675678
0.0840811
0.0969148
0.107699
0.117566
0.126464
0.132766
0.133319
0.123983
0.100601
0.0602239
0.00233187
-0.0702409
-0.150948
-0.229913
-0.295105
-0.334164
-0.33663
-0.296157
-0.212296
-0.0914293
0.0534088
0.20393
0.339069
0.438201
0.484577
0.46838
0.388821
0.254845
0.0842063
-0.0989967
-0.268003
-0.397685
-0.468734
-0.470996
-0.405331
-0.283616
-0.12683
0.0384815
0.184789
0.288391
0.333604
0.315544
0.240974
0.127017
-0.00205931
-0.119432
-0.200844
-0.22931
-0.198517
-0.114231
0.00658587
0.138848
0.254069
0.325886
0.335348
0.274951
0.150613
-0.0188426
-0.204698
-0.373339
-0.492371
-0.536734
-0.493683
-0.36565
-0.170403
0.0616096
0.292326
0.482673
0.599528
0.621787
0.544385
0.379506
0.154702
-0.0918011
-0.31779
-0.484567
-0.563907
-0.543185
-0.42773
-0.239924
-0.0151895
0.204444
0.378028
0.473241
0.472412
0.375881
0.202062
-0.0158299
-0.235832
-0.41497
-0.517266
-0.520551
-0.420811
-0.233248
0.0101918
0.266387
0.488734
0.635574
0.677839
0.604501
0.424839
0.167069
-0.12642
-0.406401
-0.625407
-0.74606
-0.747626
-0.629661
-0.41206
-0.131546
0.164787
0.427705
0.614369
0.695659
0.661008
0.519908
0.299871
0.041257
-0.210069
-0.410908
-0.528253
-0.544858
-0.461881
-0.298191
-0.0865437
0.132637
0.318694
0.438039
0.47001
0.410273
0.271216
0.0793452
-0.12978
-0.318096
-0.451864
-0.507536
-0.475659
-0.362169
-0.186933
0.0201043
0.224408
0.392926
0.499666
0.529786
0.481566
0.366
0.204211
0.0232617
-0.148785
-0.287636
-0.376512
-0.408258
-0.385561
-0.319365
-0.225941
-0.123267
-0.0274874
0.0498656
0.103384
0.133832
0.146826
0.150555
0.153092
0.159948
0.172431
0.187171
0.19692
0.192443
0.165079
0.109383
0.0252405
-0.0810571
-0.197092
-0.30598
-0.389163
-0.429821
-0.416276
-0.344683
-0.220471
-0.0581578
0.120486
0.289692
0.423812
0.50162
0.510006
0.446417
0.319566
0.148253
-0.0415365
-0.22079
-0.362175
-0.444504
-0.456199
-0.397154
-0.278686
-0.121573
0.0474666
0.200271
0.311936
0.364921
0.351883
0.276772
0.154006
0.00590558
-0.141173
-0.261347
-0.333582
-0.345211
-0.294016
-0.188531
-0.0465507
0.107902
0.248622
0.351604
0.399031
0.382213
0.303007
0.173494
0.0139809
-0.150324
-0.293419
-0.392715
-0.432667
-0.407229
-0.320772
-0.187297
-0.0281082
0.131671
0.267175
0.357793
0.390437
0.361568
0.277641
0.153925
0.0118808
-0.124457
-0.232497
-0.294844
-0.302176
-0.254749
-0.162297
-0.0423249
0.0829199
0.190295
0.259786
0.278035
0.240742
0.153556
0.0312404
-0.104736
-0.229824
-0.320621
-0.358995
-0.335387
-0.250729
-0.11659
0.0464892
0.212242
0.352983
0.444261
0.469077
0.420937
0.3052
0.138459
-0.0539798
-0.242129
-0.396192
-0.491485
-0.512559
-0.455827
-0.330234
-0.155843
0.0394457
0.224495
0.370072
0.453675
0.46321
0.398914
0.273184
0.108364
-0.0671373
-0.223714
-0.335581
-0.385079
-0.365547
-0.282269
-0.151362
0.00317039
0.153696
0.273767
0.342649
0.348791
0.291653
0.181619
0.0380301
-0.114263
-0.24922
-0.34404
-0.382922
-0.359565
-0.277992
-0.151628
-0.000847014
0.150551
0.279281
0.366276
0.399527
0.375647
0.299966
0.185239
0.0492489
-0.0881903
-0.208333
-0.296172
-0.342291
-0.343692
-0.303569
-0.230192
-0.135185
-0.0315727
0.0680859
0.153178
0.215988
0.252084
0.260205
0.241822
0.200534
0.141454
0.0707018
-0.00500387
-0.0786593
-0.143304
-0.192433
-0.220545
-0.223814
-0.200787
-0.15297
-0.0851206
-0.00508678
0.0768968
0.149445
0.20166
0.224922
0.214521
0.170792
0.0994838
0.0111979
-0.0800909
-0.159237
-0.212502
-0.230053
-0.207907
-0.148917
-0.0625587
0.0365128
0.13093
0.203688
0.241267
0.236233
0.188775
0.106871
0.00498628
-0.0984805
-0.184572
-0.237329
-0.246857
-0.211305
-0.137335
-0.0389652
0.0650289
0.154683
0.212706
0.227891
0.197392
0.127396
0.03203
-0.0693257
-0.155814
-0.209252
-0.217835
-0.178657
-0.0985108
0.00722515
0.117437
0.20935
0.26304
0.265508
0.2135
0.114484
-0.0144597
-0.14966
-0.26526
-0.338161
-0.352573
-0.303268
-0.19688
-0.0509581
0.109087
0.254599
0.358996
0.402785
0.377302
0.286465
0.146162
-0.0186192
-0.178391
-0.304643
-0.375133
-0.378019
-0.314001
-0.196106
-0.0471242
0.104779
0.231443
0.310037
0.327313
0.281961
0.184645
0.0557161
-0.0789124
-0.192915
-0.264695
-0.281522
-0.241837
-0.155316
-0.040688
0.0782167
0.17738
0.237463
0.247644
0.207653
0.127611
0.0257119
-0.0757383
-0.155112
-0.196062
-0.190981
-0.142582
-0.0632643
0.0276196
0.10802
0.158092
0.164696
0.124528
0.0451825
-0.0561396
-0.156058
-0.229917
-0.257175
-0.226153
-0.137123
-0.00302248
0.152451
0.29908
0.405926
0.447582
0.409621
0.292119
0.110482
-0.106708
-0.322494
-0.498163
-0.600438
-0.607897
-0.515336
-0.33521
-0.0958081
0.163566
0.399532
0.572421
0.653446
0.629897
0.507383
0.308676
0.0693834
-0.168733
-0.365497
-0.489654
-0.524389
-0.469988
-0.343168
-0.173237
0.00409898
0.154052
0.249693
0.277141
0.237962
0.148314
0.0350301
-0.0705225
-0.139546
-0.152369
-0.103067
-0.00115657
0.130081
0.258337
0.349182
0.373717
0.315415
0.174662
-0.0300404
-0.264585
-0.485164
-0.646489
-0.710804
-0.655905
-0.480534
-0.205982
0.126577
0.462694
0.744056
0.919033
0.952389
0.832306
0.573339
0.214625
-0.186428
-0.5639
-0.854838
-1.01039
-1.0045
-0.838679
-0.541718
-0.164647
0.22837
0.571438
0.80858
0.903485
0.845596
0.651439
0.361002
0.029887
-0.281249
-0.517968
-0.641919
-0.63746
-0.513858
-0.302697
-0.0510937
0.187927
0.366
0.448858
0.422841
0.297227
0.101974
-0.118628
-0.31513
-0.443089
-0.472203
-0.392614
-0.217134
0.0210755
0.274901
0.49254
0.6278
0.649422
0.547602
0.336389
0.0514712
-0.256279
-0.530285
-0.718972
-0.785659
-0.715719
-0.519632
-0.231302
0.0980553
0.409344
0.646546
0.767151
0.750095
0.599691
0.344809
0.0334658
-0.276174
-0.526683
-0.672099
-0.686479
-0.568677
-0.342461
-0.0519533
0.246732
0.496081
0.648008
0.672884
0.565095
0.344097
0.0507777
-0.260155
-0.530353
-0.708653
-0.760553
-0.674575
-0.464382
-0.166267
0.167483
0.478094
0.710924
0.825239
0.801382
0.64406
0.381207
0.0587073
-0.268008
-0.543903
-0.724002
-0.781033
-0.709727
-0.527072
-0.268596
0.0185438
0.284326
0.484823
0.589744
0.587223
0.485087
0.308493
0.0945103
-0.115249
-0.28252
-0.379302
-0.39257
-0.325982
-0.198367
-0.0394187
0.11651
0.237261
0.299055
0.290845
0.216084
0.0916364
-0.0558786
-0.195527
-0.298219
-0.342382
-0.318082
-0.22885
-0.0908999
0.0700433
0.223687
0.340909
0.399218
0.386913
0.305215
0.167992
-0.000816804
-0.171576
-0.314294
-0.40396
-0.424913
-0.37349
-0.25853
-0.0996736
0.0761562
0.239466
0.363223
0.427346
0.421899
0.348492
0.219713
0.0567702
-0.114206
-0.266514
-0.377149
-0.430287
-0.419465
-0.348155
-0.228754
-0.0802269
0.0751278
0.215226
0.321469
0.381253
0.389376
0.348209
0.266724
0.158604
0.0398332
-0.0738159
-0.169007
-0.236448
-0.271707
-0.275187
-0.251365
-0.207496
-0.15206
-0.093226
-0.0376059
0.0105396
0.0495396
0.0800163
0.104157
0.124725
0.144026
0.16303
0.180836
0.194581
0.199844
0.191469
0.164697
0.116397
0.0461795
-0.0428283
-0.143734
-0.246258
-0.337765
-0.404837
-0.435216
-0.419823
-0.35455
-0.24151
-0.0894878
0.0865587
0.266971
0.429696
0.553152
0.619266
0.616239
0.540598
0.398186
0.203868
-0.0200771
-0.246692
-0.447874
-0.598182
-0.67839
-0.678226
-0.597884
-0.448055
-0.248455
-0.0250511
0.193597
0.38033
0.513117
0.57796
0.570543
0.496416
0.369715
0.210669
0.0423316
-0.112935
-0.236647
-0.316584
-0.348023
-0.333708
-0.28264
-0.207967
-0.124396
-0.0455984
0.0179336
0.0602593
0.0803973
0.0817835
0.0709581
0.0557913
0.0436247
0.0396926
0.0461161
0.0616281
0.0820411
0.10132
0.113014
0.111736
0.0943976
0.0609499
0.0145074
-0.0391557
-0.0926161
-0.138111
-0.168885
-0.180332
-0.170714
-0.141366
-0.0963774
-0.0418269
0.0152358
0.0678835
0.110272
0.138326
0.150065
0.145573
0.126678
0.0964584
0.0586914
0.0173758
-0.023622
-0.0607706
-0.0909637
-0.111561
-0.12046
-0.116244
-0.0984324
-0.0677876
-0.0265922
0.0212103
0.0701257
0.113547
0.144527
0.156823
0.146056
0.110784
0.0532436
-0.0204202
-0.1006
-0.175343
-0.232046
-0.259485
-0.249853
-0.200451
-0.114673
-0.00206416
0.122668
0.241589
0.336173
0.390231
0.392666
0.339554
0.23519
0.0918559
-0.071717
-0.232971
-0.368856
-0.459345
-0.490559
-0.456996
-0.362478
-0.219662
-0.0481692
0.128351
0.285772
0.403071
0.465372
0.465994
0.407182
0.299458
0.159732
0.00852304
-0.133242
-0.247318
-0.320648
-0.346912
-0.32695
-0.268051
-0.182315
-0.0844115
0.0108524
0.0907582
0.146356
0.173381
0.172349
0.147883
0.107487
0.0600185
0.0141399
-0.0229988
-0.0466653
-0.0549558
-0.0487184
-0.0310739
-0.0066699
0.0191783
0.0413217
0.0554801
0.0587499
0.0498978
0.029451
-0.000393053
-0.036006
-0.0726984
-0.105204
-0.128264
-0.137283
-0.129018
-0.102203
-0.0580397
-0.000407122
0.0642819
0.127655
0.180374
0.213463
0.219799
0.19553
0.14115
0.0619898
-0.0320716
-0.127713
-0.210024
-0.264851
-0.281285
-0.253845
-0.183932
-0.0802112
0.0422436
0.164028
0.264426
0.324914
0.332566
0.282713
0.180357
0.0399484
-0.11651
-0.26284
-0.373013
-0.425722
-0.408392
-0.319871
-0.171257
0.0154016
0.210396
0.381163
0.49781
0.538418
0.49316
0.366461
0.176732
-0.0463614
-0.266696
-0.447767
-0.559007
-0.581222
-0.510158
-0.357503
-0.149093
0.0794423
0.288842
0.443145
0.516134
0.496128
0.388227
0.213534
0.00546232
-0.196277
-0.352942
-0.43398
-0.422876
-0.32052
-0.145434
0.0692734
0.281731
0.448914
0.534678
0.516778
0.39154
0.175292
-0.0978103
-0.381261
-0.624093
-0.779828
-0.814925
-0.715204
-0.489074
-0.166909
0.203401
0.56402
0.856629
1.03215
1.05912
0.929181
0.658828
0.287015
-0.130984
-0.532421
-0.857149
-1.05724
-1.10451
-0.994814
-0.748221
-0.405361
-0.0204171
0.347907
0.645907
0.833281
0.889028
0.813935
0.629342
0.372531
0.0896545
-0.172486
-0.374337
-0.489824
-0.509883
-0.442814
-0.311537
-0.148387
0.0114909
0.136874
0.206095
0.210565
0.155642
0.0587852
-0.054545
-0.156371
-0.221971
-0.234826
-0.189801
-0.094018
0.0347147
0.17154
0.289516
0.364923
0.381882
0.335408
0.232345
0.0900161
-0.0670948
-0.211984
-0.320181
-0.374247
-0.36687
-0.302003
-0.193849
-0.0639345
0.0631372
0.164424
0.222952
0.230787
0.190288
0.113345
0.0187881
-0.0715266
-0.137147
-0.163126
-0.142999
-0.0800571
0.0132902
0.11795
0.211879
0.274403
0.290274
0.252714
0.164851
0.0392957
-0.104054
-0.241555
-0.350041
-0.41093
-0.413475
-0.356563
-0.248777
-0.106747
0.0478635
0.192145
0.305791
0.374313
0.391069
0.357797
0.283653
0.183016
0.0725631
-0.031793
-0.117497
-0.177028
-0.208401
-0.214513
-0.201586
-0.177122
-0.147894
-0.118417
-0.0902527
-0.0622367
-0.031545
0.00473696
0.04797
0.0967095
0.14622
0.188949
0.215929
0.218827
0.192196
0.135384
0.0535943
-0.0422475
-0.136939
-0.213577
-0.256813
-0.25616
-0.208638
-0.120133
-0.00507534
0.11567
0.218403
0.281082
0.287861
0.232777
0.121748
-0.0276143
-0.188532
-0.329588
-0.42051
-0.438173
-0.371656
-0.225312
-0.0191188
0.21393
0.433098
0.59699
0.671231
0.635313
0.48728
0.245248
-0.0546967
-0.364016
-0.629814
-0.804133
-0.852792
-0.762132
-0.542332
-0.226545
0.134138
0.479154
0.748934
0.895536
0.891506
0.735318
0.452278
0.0906197
-0.286647
-0.612748
-0.829093
-0.895997
-0.800198
-0.557721
-0.211466
0.176148
0.53425
0.796324
0.912463
0.858799
0.642334
0.300191
-0.106672
-0.504238
-0.818792
-0.990465
-0.984471
-0.797932
-0.460972
-0.0317754
0.413577
0.794709
1.04155
1.10728
0.977191
0.671839
0.243772
-0.23161
-0.669486
-0.990923
-1.13728
-1.08109
-0.831316
-0.432094
0.0450281
0.513876
0.889229
1.10235
1.11365
0.920079
0.555969
0.0870135
-0.401496
-0.820095
-1.09142
-1.1644
-1.0237
-0.692747
-0.229721
0.282813
0.752727
1.09494
1.2468
1.17947
0.903203
0.465545
-0.0571304
-0.573317
-0.992744
-1.24247
-1.2798
-1.09969
-0.735348
-0.251974
0.265209
0.726363
1.05309
1.19222
1.12484
0.868999
0.475671
0.0188557
-0.418345
-0.759012
-0.946246
-0.953027
-0.786363
-0.485045
-0.111556
0.260259
0.559381
0.730968
0.746385
0.608061
0.348356
0.022732
-0.301392
-0.557916
-0.694924
-0.684665
-0.528791
-0.257885
0.0745933
0.40274
0.661002
0.796888
0.781147
0.613516
0.322924
-0.037852
-0.402076
-0.701587
-0.879635
-0.901575
-0.761438
-0.483144
-0.116143
0.273683
0.616147
0.849649
0.932449
0.850218
0.618531
0.27985
-0.104394
-0.465113
-0.738172
-0.875956
-0.855794
-0.683734
-0.393043
-0.0377702
0.317355
0.608807
0.785717
0.818818
0.705288
0.468705
0.154206
-0.180161
-0.474225
-0.676606
-0.75376
-0.695562
-0.516472
-0.252221
0.047287
0.327434
0.538922
0.646523
0.634996
0.511166
0.301905
0.0485333
-0.201231
-0.40221
-0.51991
-0.536426
-0.453084
-0.28946
-0.0790955
0.137189
0.319055
0.43402
0.463099
0.403759
0.269745
0.0879401
-0.107032
-0.279378
-0.398637
-0.444923
-0.412017
-0.307864
-0.152506
0.0260184
0.196973
0.332386
0.411686
0.424739
0.372863
0.267767
0.128797
-0.0209086
-0.158552
-0.265345
-0.329095
-0.345381
-0.317245
-0.253663
-0.16723
-0.0715926
0.0208374
0.1005
0.161445
0.201232
0.22019
0.220342
0.204349
0.174757
0.133718
0.0831747
0.0253791
-0.0365046
-0.0979892
-0.153266
-0.195731
-0.218994
-0.218183
-0.19124
-0.139871
-0.069859
0.00943957
0.0864061
0.149094
0.187428
0.195233
0.171631
0.121485
0.0547077
-0.0154915
-0.0751186
-0.112197
-0.11929
-0.0952024
-0.0454702
0.0185327
0.0817521
0.128493
0.145751
0.126168
0.0699654
-0.0145829
-0.112326
-0.203899
-0.269411
-0.292466
-0.263722
-0.183244
-0.0611324
0.0838004
0.227119
0.343108
0.409571
0.412173
0.347468
0.223982
0.0610685
-0.114309
-0.272322
-0.38569
-0.434739
-0.411148
-0.319632
-0.177201
-0.0100949
0.151061
0.276994
0.345311
0.344772
0.277459
0.158395
0.0126617
-0.129472
-0.238485
-0.291463
-0.276749
-0.196436
-0.0662095
0.0875131
0.232613
0.337548
0.377677
0.340394
0.228063
0.0581056
-0.139822
-0.329104
-0.47294
-0.541364
-0.517173
-0.399617
-0.205107
0.0352692
0.28102
0.489387
0.62305
0.656995
0.583245
0.412574
0.172831
-0.0958375
-0.348032
-0.541136
-0.642879
-0.637054
-0.526333
-0.331672
-0.0884199
0.160153
0.370713
0.507661
0.549434
0.49217
0.350084
0.152502
-0.0618478
-0.252221
-0.383504
-0.432713
-0.393116
-0.275247
-0.104627
0.0833394
0.25031
0.36246
0.397036
0.34675
0.221199
0.0450251
-0.146815
-0.315788
-0.427241
-0.457164
-0.396971
-0.255387
-0.0570501
0.1619
0.360475
0.500467
0.553668
0.507303
0.366677
0.154513
-0.0929152
-0.332171
-0.520408
-0.623089
-0.62027
-0.51031
-0.310329
-0.0533463
0.217419
0.456038
0.621833
0.686408
0.638504
0.48585
0.253722
-0.0195035
-0.288988
-0.511069
-0.650559
-0.686453
-0.615101
-0.45035
-0.220738
0.0357023
0.27806
0.46938
0.582553
0.604276
0.536496
0.395209
0.20696
0.00376746
-0.182546
-0.325597
-0.40836
-0.425172
-0.381584
-0.292261
-0.177445
-0.0587612
0.0448195
0.120102
0.161356
0.170363
0.154949
0.12643
0.0965655
0.0747216
0.0658147
0.0694552
0.0804128
0.0902486
0.0897089
0.0713228
0.0316072
-0.0276213
-0.0991395
-0.171462
-0.231022
-0.264938
-0.263805
-0.223912
-0.148401
-0.0471113
0.0649316
0.170093
0.251312
0.295267
0.294909
0.250862
0.171389
0.0709094
-0.0326545
-0.121228
-0.179973
-0.200077
-0.180386
-0.12757
-0.054762
0.0210795
0.0825758
0.11546
0.111538
0.0705017
0.000206303
-0.0846642
-0.165327
-0.222529
-0.240409
-0.20984
-0.130621
-0.0120602
0.128221
0.267074
0.379752
0.444289
0.445545
0.378197
0.24809
0.0717042
-0.126232
-0.316582
-0.470459
-0.563915
-0.581852
-0.520508
-0.388084
-0.203426
0.00700566
0.213347
0.387015
0.505057
0.553486
0.529044
0.439192
0.300371
0.134929
-0.0327347
-0.180094
-0.289827
-0.352031
-0.364999
-0.33455
-0.272115
-0.192052
-0.108728
-0.0339401
0.024848
0.065197
0.089242
0.102298
0.110884
0.120643
0.134623
0.152321
0.169682
0.180057
0.175913
0.150896
0.101812
0.0300282
-0.0580222
-0.151416
-0.236349
-0.2985
-0.325721
-0.310534
-0.251917
-0.155999
-0.035465
0.0922789
0.207892
0.293363
0.33516
0.326694
0.269611
0.173654
0.05509
-0.0660617
-0.169499
-0.2382
-0.261436
-0.236674
-0.170013
-0.075068
0.0295242
0.123519
0.188796
0.212712
0.190481
0.126108
0.0317233
-0.0746027
-0.172154
-0.241392
-0.267614
-0.243761
-0.171871
-0.062894
0.0651253
0.190162
0.290088
0.34662
0.34861
0.294115
0.190846
0.0549169
-0.0918768
-0.225789
-0.325187
-0.374235
-0.365557
-0.301409
-0.19317
-0.0592642
0.0781087
0.196832
0.278639
0.312122
0.294465
0.231623
0.136956
0.0285916
-0.0739681
-0.153368
-0.197412
-0.201027
-0.166858
-0.104417
-0.0279958
0.0462461
0.103439
0.132813
0.12964
0.0959533
0.039946
-0.0258142
-0.0869851
-0.130348
-0.146439
-0.13141
-0.0877619
-0.0238249
0.0479044
0.11324
0.15911
0.17614
0.160516
0.114768
0.0473186
-0.0291187
-0.0999765
-0.15165
-0.174141
-0.163027
-0.12037
-0.0543792
0.0221062
0.0940438
0.147064
0.170254
0.158313
0.112677
0.0413733
-0.0423749
-0.122544
-0.183277
-0.211874
-0.201241
-0.151354
-0.0694427
0.0311522
0.133248
0.218824
0.272217
0.282938
0.247602
0.170627
0.0635595
-0.056836
-0.171403
-0.261831
-0.313728
-0.319014
-0.277197
-0.195355
-0.0868158
0.0311833
0.140451
0.224875
0.273001
0.279727
0.246846
0.182375
0.0988419
0.0108643
-0.0675013
-0.125168
-0.155748
-0.15832
-0.137134
-0.100357
-0.0581394
-0.0204035
0.00520082
0.0147811
0.00884271
-0.00802161
-0.0283143
-0.0434339
-0.0457223
-0.0303361
0.00344662
0.0517613
0.106651
0.157444
0.192776
0.202866
0.181621
0.128154
0.0473918
-0.0503721
-0.150939
-0.238457
-0.29808
-0.318571
-0.294392
-0.226882
-0.124312
-0.000766874
0.125976
0.237223
0.316344
0.351443
0.337289
0.276158
0.177469
0.0562534
-0.0692653
-0.180585
-0.26184
-0.30224
-0.297635
-0.250964
-0.17154
-0.0733185
0.0275424
0.11539
0.177602
0.206507
0.200386
0.163438
0.104727
0.0363481
-0.0288432
-0.0795362
-0.107888
-0.110745
-0.0899642
-0.0518189
-0.00561224
0.0382154
0.0701302
0.0833214
0.0749622
0.0466933
0.00425557
-0.0436493
-0.0870486
-0.116622
-0.1255
-0.110616
-0.0733441
-0.0193363
0.042439
0.101267
0.146591
0.16991
